3.0 46.0 18.0 56.0
6.083 50.783
10.1 48.833
8.083 50.233
10.967 49.25
11.85 48.817
10.883 49.15
9.283 49.067
8.783 49.55
9.717 47.633
9.033 53.017
12.933 48.967
9.9 48.267
9.033 54.783
9.6 48.767
9.75 51.583
10.067 52.567
10.0 48.95
11.217 48.833
10.9 49.717
9.4 49.4
10.183 49.433
10.717 48.433
6.933 50.383
10.45 52.383
10.45 53.283
9.933 52.0
12.267 48.55
12.257 50.321
12.88 50.755
9.267 52.05
9.317 48.917
10.983 48.467
12.091 50.963
8.983 49.35
12.467 48.533
7.017 52.083
9.317 53.067
14.188 53.672
9.55 52.767
7.883 51.767
9.45 53.4
11.474 51.546
9.4 51.367
10.283 52.617
9.1 52.267
12.467 48.95
12.917 48.733
9.533 49.5
10.95 50.233
11.433 49.85
6.983 50.483
10.233 53.667
10.567 54.017
12.594 54.245
13.3 48.667
11.133 48.467
10.55 48.233
8.4 48.267
10.05 47.883
9.267 48.633
9.383 48.767
13.083 48.567
10.433 50.15
8.9 48.683
11.717 48.7
10.967 48.517
12.95 47.817
10.45 48.5
12.617 48.85
10.083 47.95
10.533 47.817
12.043 51.856
8.133 47.6
9.283 54.15
9.567 48.7
8.033 49.217
10.167 49.767
8.117 49.783
8.1 49.65
9.033 48.217
6.283 50.9
13.083 48.583
8.7 48.1
10.617 48.85
10.383 48.2
7.133 50.05
9.717 48.85
11.55 49.433
9.833 51.983
7.95 52.5
7.017 50.733
9.967 52.25
9.667 51.033
8.667 51.033
8.817 50.683
9.067 47.717
11.233 49.25
11.6 48.433
11.3 48.133
9.733 48.333
9.467 48.917
11.388 51.404
9.967 52.033
7.867 50.633
8.467 48.333
8.633 49.733
7.883 50.783
6.167 50.883
7.817 49.733
9.267 50.75
8.35 49.767
11.674 51.702
9.65 54.367
12.847 52.947
9.383 48.717
12.117 48.55
9.0 48.633
11.35 49.383
14.041 51.654
12.2 48.917
7.667 51.3
6.983 50.517
10.45 51.8
8.95 51.767
13.768 50.761
7.467 52.05
9.4 49.833
12.446 50.995
7.983 50.367
11.017 49.8
10.963 50.564
7.467 49.55
10.583 51.165
10.117 54.4
7.317 49.45
7.65 50.683
10.833 54.133
11.25 50.133
12.533 48.0
10.6 53.133
10.583 48.467
9.217 48.6
10.867 47.817
10.117 48.167
8.95 50.283
12.167 49.717
8.6 48.583
12.3 49.1
13.254 53.697
11.537 52.0
9.75 49.717
12.167 48.45
11.067 48.233
9.45 48.15
10.033 48.583
8.8 48.717
9.567 48.917
13.727 52.567
8.067 49.517
8.5 49.3
11.65 48.9
12.949 50.966
11.25 48.383
6.917 49.95
8.5 49.433
9.55 47.95
10.217 47.8
12.683 48.233
9.917 53.783
9.067 50.083
8.117 49.75
11.85 49.45
10.217 53.133
12.317 47.983
8.967 48.55
10.85 49.417
10.2 53.7
11.767 49.433
9.217 49.65
12.417 48.25
9.883 48.583
9.75 47.7
8.917 50.8
11.183 47.967
7.417 50.433
8.783 49.233
8.45 50.817
12.867 47.8
14.007 53.016
11.735 52.36
13.692 53.856
7.867 52.55
13.011 50.58
13.049 51.736
13.903 51.56
7.967 49.2
8.333 51.567
10.583 49.3
13.261 50.649
9.2 50.783
11.85 48.15
9.333 52.283
7.817 53.217
9.617 53.433
11.511 51.025
9.75 53.4
9.75 53.667
8.033 49.933
7.983 48.533
10.617 49.15
11.3 48.533
9.933 47.667
7.6 49.967
8.067 49.817
13.0 49.133
12.008 52.677
8.067 51.4
12.817 49.283
14.0 51.096
13.12 50.58
10.955 50.833
9.967 49.983
12.817 48.567
9.017 51.383
13.0 49.2
11.287 51.365
10.483 53.383
7.75 50.383
12.183 50.067
13.127 51.53
6.283 50.083
7.433 50.667
10.817 48.683
12.633 49.0
9.15 49.967
12.35 48.2
12.317 47.783
7.617 51.783
10.35 54.15
11.451 51.759
11.717 48.167
9.0 52.767
9.983 53.3
9.4 48.967
9.133 48.9
9.683 49.433
8.467 50.583
12.0 48.0
7.9 51.133
11.767 48.5
9.7 48.133
12.483 48.9
11.594 51.917
8.233 48.95
11.75 48.567
10.067 49.55
12.842 51.498
12.717 50.587
9.5 48.933
13.1 48.8
12.402 50.518
12.913 50.688
11.633 49.7
9.233 52.233
12.283 48.867
11.233 49.883
7.6 47.783
10.9 48.367
8.75 51.917
13.904 51.138
13.101 50.814
9.283 52.4
9.783 54.083
9.633 47.95
11.899 50.702
10.317 53.533
9.583 50.183
10.417 49.25
10.833 49.583
7.483 53.467
11.112 52.092
13.2 48.733
8.767 53.35
11.783 47.967
6.55 49.633
10.767 48.4
11.801 51.764
11.467 48.667
7.033 50.35
10.25 48.15
8.95 49.967
12.267 48.083
12.3 49.017
7.767 50.067
10.317 48.633
9.417 48.95
12.05 48.933
12.017 47.867
12.017 50.017
7.55 47.733
7.167 52.3
8.0 49.1
11.28 50.904
8.4 51.05
11.683 50.05
7.033 50.067
10.583 53.083
11.576 51.209
11.269 50.686
10.083 50.267
12.315 50.229
9.883 53.917
7.3 50.517
9.8 50.317
9.617 48.067
9.7 48.583
11.914 54.108
9.017 51.733
12.58 51.596
8.167 49.467
12.054 51.298
8.533 48.017
9.1 52.25
12.239 50.28
7.717 50.333
8.5 50.75
8.333 52.317
12.0 47.783
11.093 51.358
14.03 52.784
9.217 49.217
13.317 48.35
10.033 51.867
13.949 50.849
10.233 51.817
10.567 51.883
11.45 47.75
8.433 48.8
9.717 50.867
8.617 50.233
7.233 50.65
7.317 50.517
8.05 52.167
9.45 51.65
10.083 50.2
11.481 53.778
11.866 50.915
11.05 47.667
7.867 49.833
7.7 47.917
9.0 49.75
10.467 50.3
11.714 51.138
12.011 50.929
8.083 52.1
10.645 51.11
11.87 51.385
12.638 51.147
10.467 51.633
10.348 50.817
13.399 51.516
8.733 48.767
8.817 51.783
7.95 50.65
9.767 49.5
9.467 52.2
7.85 49.817
6.767 50.55
8.75 50.367
9.383 52.333
7.117 50.55
10.217 50.317
8.8 52.2
10.367 53.817
9.35 50.233
8.2 48.433
9.267 51.983
9.1 49.25
12.883 47.733
8.333 48.433
8.167 52.117
14.061 52.291
10.55 51.6
10.017 52.067
9.517 50.633
8.75 52.083
10.228 50.814
8.167 51.583
14.156 50.924
12.732 51.695
9.65 48.0
8.05 50.15
10.7 53.917
8.65 49.217
10.317 53.933
9.367 50.283
9.967 51.267
11.65 50.367
11.623 51.089
7.95 47.55
12.664 54.11
8.683 48.7
10.836 51.154
11.567 47.767
8.733 50.183
9.75 47.917
11.717 47.717
9.133 51.117
11.948 52.959
9.167 49.233
10.417 49.5
9.9 47.917
10.6 48.0
8.017 53.183
9.8 48.6
7.983 52.633
10.233 52.083
11.246 51.768
6.6 50.0
8.233 48.767
10.217 51.767
7.667 47.8
10.884 51.986
6.183 50.917
7.733 48.117
14.0 50.837
11.0 52.383
8.817 52.567
9.65 47.833
11.483 48.017
11.917 47.967
8.367 48.5
11.033 49.667
9.667 47.85
10.55 47.95
8.2 52.75
9.183 52.717
8.85 48.283
9.133 53.833
11.239 51.72
7.683 47.867
9.45 48.75
7.867 51.333
10.083 48.183
10.883 49.9
8.783 49.35
7.617 49.383
11.217 54.467
13.721 50.998
9.75 52.067
12.2 49.0
11.88 51.97
10.297 50.8
10.4 53.3
8.8 52.617
10.183 53.767
9.45 53.467
10.267 53.733
9.833 54.5
11.619 52.206
9.767 53.783
11.075 52.122
8.517 52.717
11.645 51.344
9.117 51.983
10.167 53.567
9.467 52.3
7.75 53.167
12.727 54.369
9.983 48.75
13.344 53.817
10.517 53.05
14.603 51.229
8.6 52.617
9.0 53.45
13.436 52.718
7.467 50.35
8.733 52.85
10.2 50.4
8.65 51.017
7.333 49.617
10.85 49.983
9.417 51.267
14.434 51.186
7.417 52.6
13.15 48.417
12.3 48.7
13.2 49.117
12.9 47.733
11.583 49.95
12.017 47.683
11.336 52.239
9.8 50.967
7.683 49.65
10.55 49.15
7.4 49.35
8.3 49.733
8.2 49.8
9.617 53.417
9.317 52.35
6.7 49.383
8.05 51.75
6.567 51.0
6.183 51.767
8.85 53.633
8.117 51.933
12.985 52.239
8.967 49.567
11.692 51.716
14.25 52.172
7.5 52.433
11.082 52.702
10.514 51.023
12.797 50.567
14.548 51.073
11.467 49.033
13.075 51.569
9.317 49.05
9.983 48.483
8.317 49.567
13.121 51.482
7.233 50.383
7.417 50.067
10.1 48.25
8.283 49.2
8.133 52.3
7.467 50.1
9.0 53.817
12.593 52.147
9.267 48.567
9.967 53.333
7.583 50.417
11.417 47.7
11.496 51.569
10.71 51.667
10.217 47.967
9.25 48.95
12.343 52.424
10.594 50.647
8.6 49.683
11.8 49.1
11.433 49.1
13.0 47.633
9.6 47.817
11.35 47.967
11.783 50.383
6.95 50.55
8.2 48.983
11.433 49.333
12.159 50.75
9.75 47.85
7.75 52.617
12.583 47.817
11.117 49.067
9.967 52.817
13.434 54.415
10.967 52.9
13.322 52.674
7.983 48.417
11.267 48.767
6.65 50.95
9.767 48.467
7.133 50.983
7.633 51.617
11.367 48.25
9.467 48.867
11.933 48.383
7.65 51.017
10.183 50.017
10.083 49.9
12.587 51.798
9.917 51.233
10.65 53.733
10.083 48.033
13.413 52.523
13.3 52.533
9.35 47.733
12.783 50.528
8.033 47.8
13.583 52.683
12.383 47.817
10.783 47.733
11.736 51.791
8.483 53.183
11.4 49.25
12.25 49.1
7.067 49.917
11.3 47.867
12.883 48.917
12.768 50.587
12.667 50.768
14.074 51.376
10.017 48.5
14.842 51.048
10.471 51.399
7.95 52.55
13.373 50.869
14.776 51.028
14.228 51.05
14.759 50.885
7.317 53.583
14.915 51.064
8.117 50.467
9.15 49.0
9.25 49.967
13.633 52.245
8.4 51.367
9.8 52.117
6.4 49.95
7.867 50.783
11.417 49.683
10.383 47.733
8.483 48.383
12.565 51.319
9.4 48.567
6.917 49.733
9.033 48.083
13.117 48.55
9.5 51.867
8.817 53.433
9.383 51.667
7.267 49.35
8.033 48.333
9.783 48.1
10.817 48.517
10.2 48.4
8.45 49.683
11.417 47.717
8.617 49.75
10.733 47.833
10.083 49.767
10.0 49.517
9.283 50.217
8.6 50.617
8.467 49.783
8.533 50.917
8.033 48.2
11.716 52.161
14.054 50.872
8.533 52.017
10.843 51.489
10.483 53.15
13.54 50.736
11.652 51.972
13.634 52.768
10.633 47.833
8.25 48.917
9.133 48.95
7.283 51.983
9.25 49.35
8.1 49.133
10.167 51.633
9.05 49.367
11.617 49.983
9.267 48.117
7.9 49.967
6.7 49.967
10.65 48.55
7.633 47.633
7.733 52.583
9.667 48.75
11.633 49.417
7.733 50.817
8.717 49.567
8.633 48.867
7.167 49.65
9.7 49.85
8.267 49.483
13.891 50.982
8.0 50.35
13.1 48.45
6.633 50.183
9.3 50.35
10.833 49.917
9.5 49.867
14.04 51.241
8.45 50.7
11.8 50.05
8.367 49.983
10.017 50.4
13.083 48.917
14.184 51.133
12.967 47.65
8.283 48.833
8.917 48.317
11.556 52.661
10.0 53.083
8.167 52.233
10.617 48.717
9.5 48.6
6.533 49.967
12.322 51.626
9.1 48.25
12.817 49.167
10.25 47.533
9.233 50.067
10.959 51.791
13.405 52.33
11.343 50.858
6.65 50.433
11.433 51.507
9.783 48.417
9.967 49.3
9.917 48.417
10.733 53.283
10.576 51.44
10.683 54.283
9.133 52.933
9.567 53.483
7.267 49.233
10.617 48.633
9.1 51.95
7.567 53.583
8.533 47.833
13.621 52.606
12.264 51.69
8.367 49.583
10.833 48.267
6.617 51.833
7.217 51.483
12.692 50.544
7.683 49.833
10.133 52.017
8.183 49.6
11.983 48.317
8.017 53.4
8.967 48.4
9.55 51.633
8.317 49.933
12.383 48.383
13.1 49.067
10.683 52.833
9.517 51.983
12.3 49.267
9.067 47.817
9.7 47.717
9.667 47.567
9.383 51.75
12.7 48.917
8.317 52.367
10.719 53.383
8.767 53.4
9.717 53.783
8.017 49.633
9.617 48.633
6.367 49.85
9.417 54.6
7.783 47.917
9.667 52.9
8.833 48.517
7.1 50.733
8.35 47.817
10.2 48.083
10.017 54.017
10.35 48.85
7.583 50.233
8.733 51.667
8.933 54.633
10.033 54.183
9.25 51.583
8.3 52.1
13.269 52.713
9.717 54.333
6.85 51.85
9.283 51.05
6.667 53.583
12.507 51.128
13.18 51.312
11.558 51.947
6.983 50.767
10.233 54.067
7.767 50.133
11.485 51.479
12.536 51.346
8.967 52.667
9.817 53.683
13.181 50.771
10.433 54.117
9.5 53.067
11.403 51.305
6.933 51.533
9.917 51.583
9.65 49.483
14.581 51.413
13.699 51.119
7.95 50.817
9.3 50.3
10.05 53.3
9.067 49.083
8.483 53.333
9.183 51.717
7.983 52.417
8.7 53.367
11.917 49.967
13.322 50.867
12.552 52.413
12.609 51.33
13.184 54.243
12.1 47.75
7.65 50.267
6.983 49.917
8.383 50.517
10.617 51.733
9.8 49.2
11.884 51.282
10.533 52.267
13.574 51.016
8.167 50.367
7.467 51.267
9.083 53.3
8.967 54.617
12.207 51.557
8.45 50.883
9.533 54.217
7.583 48.033
12.4 47.883
13.163 50.849
7.267 49.433
9.517 50.783
13.8 48.7
10.4 48.133
11.617 49.083
12.768 50.479
9.567 53.9
10.633 53.6
10.883 49.967
10.431 51.411
8.083 47.933
7.45 50.6
8.183 50.683
10.33 50.764
8.983 54.6
8.817 53.083
8.583 53.55
9.15 53.483
12.4 49.067
8.883 49.767
14.066 51.151
8.717 49.033
7.9 49.883
9.45 49.183
9.05 49.817
9.183 51.417
7.633 50.267
7.15 50.017
13.0 52.592
14.28 52.342
13.978 51.507
14.58 52.255
10.45 53.333
8.467 48.017
8.567 51.4
13.817 52.878
9.517 53.1
8.417 52.467
7.333 50.483
9.817 54.0
8.95 49.733
10.95 52.6
8.633 51.1
10.446 50.826
9.0 52.833
8.917 50.183
7.433 49.383
8.583 49.117
12.317 49.25
12.0 48.517
10.7 49.367
11.917 47.883
11.3 48.633
11.683 48.0
10.267 53.6
9.15 53.9
7.233 50.133
8.45 47.933
13.217 50.936
10.217 52.517
12.765 52.202
7.117 49.633
7.367 49.433
11.712 53.741
6.183 51.25
9.783 52.05
8.533 49.4
6.9 50.833
12.826 50.688
11.017 49.633
10.25 48.433
10.183 48.233
12.0 48.217
12.033 48.45
12.267 48.317
10.833 48.783
9.333 49.517
8.017 47.967
10.233 47.7
9.683 52.683
7.4 50.683
9.883 53.333
10.733 48.033
11.05 49.6
14.08 52.569
8.167 50.017
7.633 47.85
7.133 50.05
7.267 53.183
7.383 49.85
10.517 50.217
8.083 50.75
14.149 51.837
11.854 52.273
9.267 54.0
11.2 54.433
13.308 53.498
10.417 48.433
10.283 47.533
10.333 49.45
7.283 50.467
10.217 52.15
10.017 52.45
10.75 49.833
10.817 47.783
10.6 49.733
9.733 50.7
12.833 48.167
11.017 48.7
12.733 48.167
11.25 50.133
10.183 50.283
12.05 49.217
10.6 49.233
10.65 50.133
9.933 48.233
8.083 50.283
9.65 50.15
9.367 48.933
12.815 50.917
11.317 49.35
8.75 51.0
9.867 52.5
10.6 49.833
10.483 49.133
10.0 50.267
14.176 51.177
13.434 51.078
12.924 50.741
9.117 48.3
7.117 51.083
10.45 48.333
9.55 54.483
8.783 50.617
7.833 49.133
8.35 53.55
11.033 49.8
10.717 48.6
11.414 51.122
8.667 50.433
10.133 48.0
11.3 48.8
9.7 53.483
13.029 50.502
12.433 49.817
10.983 47.75
9.917 48.817
9.017 48.683
13.033 49.067
8.317 49.367
12.384 51.204
9.933 48.683
13.154 51.03
10.05 54.067
7.767 51.6
9.1 49.05
9.9 53.667
7.533 52.917
12.934 51.378
13.145 50.75
10.283 53.467
7.4 49.433
10.583 52.067
9.633 48.75
10.483 54.133
7.95 53.0
8.567 48.233
8.8 48.1
7.717 48.067
13.144 52.656
7.083 50.167
10.617 53.483
11.05 49.267
13.517 48.667
9.05 52.267
9.133 52.783
11.017 52.167
9.667 54.317
9.1 50.283
8.133 48.7
8.2 48.683
9.917 49.05
9.917 49.0
8.983 53.75
8.583 52.2
8.567 51.55
11.746 50.943
9.267 49.717
8.45 49.65
8.683 47.7
8.867 54.133
8.517 49.9
9.867 49.6
11.981 53.849
9.05 53.767
10.85 49.467
12.493 50.683
13.958 51.75
11.768 51.904
10.617 52.417
9.4 51.417
11.299 52.399
8.733 48.733
8.267 50.3
11.71 51.057
8.117 52.817
13.0 52.349
10.935 53.757
8.033 49.5
7.317 51.55
10.083 52.633
12.667 49.217
12.75 49.2
12.917 50.83
12.533 47.9
12.4 47.867
7.683 49.267
13.489 50.741
12.888 50.938
10.333 51.8
9.033 49.05
10.95 52.933
8.05 52.85
10.967 50.267
7.167 50.15
7.167 51.933
11.608 52.321
12.798 51.138
9.333 49.783
10.417 49.35
13.493 50.911
13.377 50.95
7.433 49.25
9.55 52.117
9.867 51.05
13.632 51.089
13.577 51.126
12.442 51.888
13.971 50.906
14.335 51.766
10.067 49.133
12.993 50.514
10.791 50.782
10.033 49.467
10.65 52.25
11.633 49.85
10.243 51.055
12.388 50.817
13.761 51.741
11.646 53.58
12.493 50.757
14.471 51.08
14.25 51.241
12.949 50.521
13.007 50.557
14.529 51.099
8.7 53.867
13.5 50.709
8.783 50.85
7.967 50.733
11.433 48.267
10.7 49.65
8.1 47.717
8.717 54.733
6.55 50.383
13.0 51.365
10.75 53.2
13.443 52.326
13.428 51.872
11.083 54.217
7.783 49.15
9.267 47.717
13.083 52.539
9.333 49.867
9.983 54.583
10.917 52.433
11.1 53.1
8.317 49.433
12.859 53.897
8.65 49.867
11.05 48.383
9.683 51.8
10.383 53.5
10.981 53.911
7.35 51.65
7.3 50.55
8.55 48.083
6.833 50.2
7.767 50.333
8.55 50.867
8.817 48.65
10.888 52.037
10.5 52.7
9.6 51.867
12.967 48.833
9.4 47.783
9.717 48.6
8.183 49.4
8.783 48.183
11.533 49.217
10.567 48.867
9.45 53.533
10.333 48.25
8.6 48.067
9.383 48.717
8.567 51.767
12.337 51.525
7.483 49.233
9.8 51.95
8.633 53.05
14.254 51.149
13.047 53.908
9.317 48.7
11.467 48.933
8.733 48.117
10.85 47.917
10.617 52.15
10.417 49.15
7.883 48.067
10.907 51.874
10.123 50.718
7.05 50.533
7.783 50.467
7.283 52.967
9.817 52.1
12.236 51.835
7.683 53.217
8.883 51.933
10.167 49.8
9.1 48.617
8.417 49.167
8.483 47.617
9.35 48.533
10.117 48.117
9.45 48.617
10.667 52.167
12.072 51.112
11.9 49.033
10.433 53.2
13.493 50.633
13.467 50.615
12.435 51.117
7.467 50.317
8.833 49.9
10.783 48.35
9.933 52.1
8.733 49.283
8.8 51.367
9.017 51.483
8.35 49.833
8.733 52.417
8.367 52.6
13.445 51.202
7.667 50.55
12.043 51.433
10.633 49.6
11.1 47.95
10.067 48.217
10.683 49.4
12.933 48.5
10.533 49.55
11.583 49.033
8.65 48.2
10.283 47.817
11.583 47.85
8.783 50.017
8.317 50.833
8.017 50.367
8.283 50.733
10.5 48.583
6.733 49.35
10.974 51.979
10.319 51.317
12.5 48.633
10.383 49.9
10.317 49.067
10.6 48.35
8.117 52.667
6.733 51.567
9.8 50.55
13.674 50.892
10.5 48.0
8.25 49.567
10.367 48.7
8.2 52.117
14.39 51.766
11.201 51.837
10.217 50.083
14.897 50.954
8.233 49.75
10.783 49.05
13.993 51.039
13.014 50.759
9.067 48.833
8.5 48.8
13.563 51.628
14.401 51.154
8.167 47.617
13.862 50.959
7.233 53.283
9.55 53.533
11.067 48.867
10.283 49.25
7.4 50.15
12.886 51.642
8.5 47.95
12.217 49.033
10.783 48.717
10.417 49.967
7.65 49.267
9.817 48.683
12.841 50.67
12.15 48.267
13.565 50.936
9.383 49.783
6.833 51.1
11.117 49.6
8.017 50.5
10.91 50.842
8.517 48.35
9.95 48.467
8.5 48.467
7.433 53.65
7.483 53.683
6.967 51.667
7.467 51.517
8.567 53.683
8.667 49.45
8.8 48.233
13.017 49.1
10.267 53.417
9.217 52.683
8.75 53.617
9.767 51.5
13.022 50.677
8.417 52.65
14.231 51.656
8.7 50.017
6.817 49.933
7.733 51.8
8.567 52.75
13.739 51.05
8.183 50.633
9.383 53.717
7.783 51.033
12.033 51.044
13.788 53.766
6.633 49.967
8.383 49.317
10.267 51.517
11.933 49.117
9.7 52.0
6.767 51.433
8.5 48.217
7.65 53.6
10.333 47.7
8.017 48.5
9.8 48.85
8.267 48.933
9.05 48.45
10.133 54.433
13.118 51.124
14.599 51.615
11.95 50.283
13.592 51.484
12.025 51.408
12.199 51.353
11.25 53.138
9.0 52.033
11.0 50.283
13.337 50.734
7.317 52.967
9.233 52.85
9.717 49.383
8.383 52.933
7.283 51.833
7.167 50.267
8.633 52.917
8.8 48.05
6.483 50.8
9.533 48.117
9.633 48.65
14.621 51.05
10.433 48.467
10.383 49.117
14.007 51.03
6.783 51.233
10.75 51.291
10.683 49.983
11.467 48.683
10.95 50.067
8.983 49.467
8.967 48.883
10.1 51.567
9.833 48.0
11.95 49.4
11.183 49.783
10.8 50.1
7.767 50.467
14.596 51.011
13.099 51.094
13.658 51.243
9.517 48.717
9.583 47.983
11.967 48.083
12.442 50.658
9.783 50.45
14.699 51.08
11.067 50.217
9.317 49.183
13.813 52.83
8.117 49.567
8.683 48.583
11.933 49.95
10.5 49.85
7.783 47.967
8.867 50.733
10.417 53.033
11.617 48.3
12.067 48.5
11.117 48.083
8.883 50.4
14.831 50.915
11.25 49.583
9.833 54.467
11.5 49.933
9.133 53.95
11.931 51.695
11.7 49.583
10.267 52.383
8.133 49.283
9.45 51.217
9.117 51.15
8.133 49.267
7.983 53.133
7.167 50.1
8.617 49.45
11.1 49.667
7.567 47.65
11.433 51.943
8.667 49.967
8.617 48.567
11.167 48.283
10.067 53.2
9.383 54.617
12.767 48.4
8.383 49.1
10.517 47.917
7.817 52.567
13.822 52.539
14.081 53.683
8.4 47.7
13.067 48.533
11.067 49.767
12.383 47.933
13.267 48.717
11.517 47.933
10.983 48.183
11.25 49.7
11.8 48.0
11.1 48.633
10.55 49.083
9.733 48.283
8.933 48.667
10.783 52.567
14.152 50.993
10.0 50.5
8.7 52.75
12.971 50.647
7.75 47.917
8.383 50.6
14.681 50.982
10.0 49.733
12.601 50.495
8.4 49.75
11.317 48.167
11.399 52.17
9.333 49.7
12.85 48.633
9.683 50.5
7.75 48.1
11.183 48.9
13.629 52.376
11.67 51.945
10.183 52.55
8.9 47.867
12.623 51.454
11.037 51.986
11.205 52.149
9.717 52.083
7.6 47.633
9.783 51.883
10.317 52.967
9.867 51.817
8.55 49.667
12.975 50.771
10.183 51.767
12.233 48.05
10.315 50.977
8.267 47.95
11.899 50.972
8.067 49.567
10.167 49.883
14.634 52.151
10.91 50.431
8.667 48.95
9.833 49.767
11.543 51.532
9.7 48.7
7.717 50.383
11.317 48.817
9.8 50.767
7.45 50.767
11.9 48.367
10.267 52.083
10.802 51.773
8.067 50.5
8.217 48.933
10.1 48.45
11.418 53.229
10.35 52.683
9.967 50.15
10.854 50.702
7.883 50.733
12.391 50.486
10.217 49.017
9.917 53.75
9.867 53.667
8.267 49.467
9.317 49.15
10.967 49.067
10.659 51.587
10.133 48.967
10.317 48.333
10.267 53.767
13.063 54.218
9.65 53.75
7.933 49.35
6.567 50.933
9.35 53.25
9.533 54.267
9.167 49.85
8.467 53.233
12.926 51.612
13.0 52.539
12.167 50.61
12.232 51.144
13.522 51.461
14.136 51.225
12.87 50.583
10.683 49.967
8.133 50.033
10.948 51.05
8.033 50.417
8.067 48.167
9.733 52.117
9.2 49.4
10.35 53.183
7.2 53.367
9.85 54.267
8.7 54.817
7.567 50.15
7.85 48.117
6.25 51.833
12.05 48.0
11.283 48.183
12.767 48.2
8.85 47.933
8.717 48.4
7.283 52.4
7.533 52.167
10.717 49.55
9.267 51.25
8.15 52.833
8.967 52.933
7.7 48.15
12.3 47.9
8.917 52.8
12.55 48.117
8.65 48.833
12.478 51.33
7.417 50.983
11.4 49.467
8.767 47.85
8.567 52.133
9.283 48.383
9.267 48.483
7.9 49.483
7.133 49.983
7.367 51.3
8.033 51.833
11.933 49.35
7.967 51.483
8.467 48.667
8.917 49.333
8.6 48.25
6.967 49.4
8.633 49.4
7.567 49.117
13.228 50.8
8.85 49.95
8.917 49.133
10.517 48.167
8.4 50.133
9.9 48.333
9.0 49.667
12.05 49.833
11.63 51.475
11.9 48.3
9.3 48.95
13.076 50.821
11.3 48.333
11.017 48.083
9.317 54.317
6.767 50.8
11.022 50.986
7.817 49.167
10.333 49.517
12.167 48.583
12.2 48.7
13.15 48.3
9.533 47.633
6.317 51.083
9.433 48.567
10.35 48.033
13.754 52.424
6.917 51.217
12.793 50.516
9.85 49.867
11.0 49.6
12.934 51.007
12.783 48.3
12.377 50.314
9.267 49.167
9.167 49.8
9.633 49.817
9.983 48.067
8.983 50.167
9.1 49.017
11.351 51.729
8.25 50.983
11.567 48.733
10.067 48.1
7.233 50.583
9.467 48.1
8.333 51.617
11.243 52.22
8.633 49.95
9.867 48.883
9.25 49.817
7.65 47.883
8.567 50.15
8.467 48.25
10.317 53.467
10.233 52.733
8.867 49.317
9.667 48.65
11.833 49.75
8.333 50.817
11.183 47.6
9.633 51.933
12.917 49.3
10.05 51.183
6.267 50.817
7.617 53.65
9.783 54.733
12.517 49.583
8.167 51.267
8.633 52.383
9.467 51.4
9.533 49.85
7.017 51.467
7.933 52.717
12.217 48.617
8.167 49.933
10.033 48.817
8.167 49.233
9.3 48.75
10.017 49.833
7.633 53.0
7.983 49.383
9.133 52.583
9.2 53.583
11.1 47.567
7.817 48.25
8.417 48.95
10.65 48.1
7.217 50.367
13.184 51.048
12.1 49.633
13.022 50.835
10.133 50.067
10.017 50.15
11.4 47.85
11.083 48.333
6.783 50.667
9.817 49.983
10.617 54.133
8.733 48.483
7.85 51.933
10.717 52.183
9.117 52.1
8.55 52.7
9.217 52.783
7.7 50.333
9.583 54.5
9.15 49.433
10.25 53.95
11.567 48.35
13.112 50.86
12.733 48.467
13.243 51.589
13.955 52.803
12.871 51.397
13.102 52.569
12.483 49.1
12.37 50.477
9.7 52.867
10.116 50.741
11.117 47.533
10.391 50.94
11.565 51.429
10.167 52.9
9.45 49.783
12.761 52.814
7.8 49.783
11.933 50.367
11.3 47.95
9.167 50.65
13.427 53.339
8.05 47.867
9.933 54.3
11.733 48.15
12.533 48.833
11.833 47.9
6.783 49.767
9.283 48.817
10.067 54.417
9.417 51.133
12.05 49.417
13.888 53.667
8.783 50.55
11.217 49.383
10.333 49.167
11.85 50.0
10.217 49.067
9.717 48.983
9.217 48.683
7.633 53.25
7.967 51.167
11.017 48.017
10.5 48.65
13.679 52.846
11.833 48.217
10.594 50.837
13.713 51.633
9.667 53.167
10.65 48.283
7.4 49.733
7.717 49.083
11.95 47.717
8.817 49.767
10.267 47.467
8.117 48.283
10.517 49.4
10.15 50.517
9.7 54.483
9.217 49.1
9.433 54.783
9.567 50.417
10.067 54.25
12.133 47.717
10.486 50.755
8.033 49.783
8.867 50.317
12.283 49.717
12.35 49.733
8.483 48.3
13.065 50.865
9.483 50.133
8.433 50.017
8.2 49.65
10.467 52.083
9.6 54.3
8.367 48.683
7.7 48.167
11.05 49.717
9.567 49.283
8.583 49.15
14.647 51.75
11.983 48.183
11.917 48.167
8.183 49.767
9.467 50.067
12.917 50.991
8.933 51.1
13.036 50.911
8.8 51.067
9.983 49.083
7.983 49.433
8.35 49.533
8.683 50.117
14.545 52.342
11.931 51.31
12.879 54.188
12.283 47.8
13.3 48.983
13.471 51.388
12.05 48.033
12.0 48.367
12.359 50.709
6.817 50.917
8.117 49.067
9.9 51.933
9.4 53.533
13.754 52.523
7.9 49.8
7.917 48.167
13.348 50.917
9.2 48.933
9.283 53.833
7.85 48.0
13.966 51.587
9.4 50.433
9.5 54.733
9.117 50.15
11.9 49.633
12.983 47.85
8.217 49.5
7.25 49.55
11.75 48.4
8.65 52.633
13.652 50.998
10.917 52.2
10.45 48.967
10.867 49.817
7.55 52.483
11.983 49.483
9.317 49.75
7.883 50.9
6.533 49.55
8.417 48.467
9.067 49.017
11.768 51.216
12.358 53.289
11.333 49.2
13.55 48.8
9.367 48.6
10.1 49.667
9.267 47.817
8.933 48.017
12.833 48.0
10.983 48.35
8.767 50.333
7.833 53.45
8.217 49.45
12.1 49.883
8.25 47.917
14.581 51.021
12.366 51.649
7.967 50.717
9.867 50.883
9.917 51.417
13.554 53.672
10.572 50.86
8.65 50.25
12.563 50.686
9.483 47.65
14.57 51.599
8.9 54.017
9.083 54.383
7.1 49.333
13.28 52.796
9.333 50.983
12.576 52.743
7.8 50.9
7.883 48.367
10.533 47.867
7.867 53.017
8.833 48.833
8.717 48.133
9.283 51.133
12.554 51.057
12.989 50.585
8.7 50.7
9.583 47.867
12.533 48.55
11.373 51.798
7.767 51.483
12.15 49.933
9.933 50.117
10.833 47.933
9.683 50.55
9.5 51.267
9.533 51.35
12.033 48.583
8.2 48.05
8.3 49.467
6.767 49.867
11.63 51.894
10.767 48.833
7.9 49.783
7.683 52.517
9.4 51.733
13.142 53.181
11.267 48.183
13.333 48.717
14.068 52.356
13.317 48.517
10.983 49.483
8.783 49.65
7.667 50.783
10.7 47.567
14.665 51.534
10.817 48.45
11.25 48.5
11.115 53.7
8.317 48.8
13.217 50.83
8.983 47.683
9.767 49.0
8.75 47.7
11.367 48.8
11.583 47.75
11.95 48.55
9.65 48.633
9.217 48.25
8.55 53.033
6.0 51.0
12.567 48.433
9.583 52.417
12.583 48.133
11.65 48.25
11.392 52.528
8.783 54.333
11.1 47.5
8.033 52.95
12.283 48.15
11.467 53.033
14.392 53.209
13.355 54.317
12.377 51.252
11.287 51.826
8.017 49.967
8.017 49.833
8.283 49.917
8.2 49.783
13.563 51.115
10.0 49.633
14.316 51.135
11.383 48.067
10.933 51.115
7.817 50.75
10.2 49.35
8.833 48.7
9.2 50.417
7.267 52.6
10.367 53.433
11.859 50.438
11.733 50.1
8.017 52.583
9.6 52.317
11.0 50.649
12.983 49.05
6.117 50.967
9.2 50.117
12.4 48.833
10.467 49.767
11.617 48.683
12.25 48.483
7.967 49.983
8.65 47.917
8.817 48.283
9.817 48.633
12.696 51.055
6.317 51.517
10.167 50.033
12.978 50.713
7.1 51.55
11.033 48.133
9.9 54.75
12.966 52.365
8.983 49.15
9.15 49.033
7.483 49.9
8.017 50.567
9.05 50.7
8.967 50.983
9.7 50.05
10.883 48.7
8.017 48.4
7.917 49.9
12.153 52.408
12.417 49.7
11.017 49.183
10.656 50.828
7.067 52.567
8.033 52.217
12.076 50.878
10.851 50.72
9.917 49.25
9.983 49.783
11.627 51.631
10.417 52.967
11.483 47.85
10.683 49.633
12.912 51.083
9.067 48.8
10.667 47.933
11.367 48.133
8.367 49.217
11.138 51.725
8.333 48.767
8.483 49.75
11.6 50.333
11.367 48.5
8.267 49.55
6.667 50.217
10.35 49.9
12.71 50.759
12.941 51.122
14.063 51.229
9.917 50.45
7.2 49.15
7.5 52.583
10.017 48.617
10.883 48.417
10.08 50.968
11.75 52.179
12.433 48.5
7.0 51.95
10.825 50.734
8.517 51.633
10.317 49.367
10.733 48.333
9.983 47.65
9.983 54.417
7.333 51.317
9.083 53.8
12.924 50.628
13.043 50.592
9.95 49.65
10.217 51.617
12.75 53.693
10.25 48.617
11.565 51.761
9.9 52.2
8.683 50.583
10.55 52.483
11.283 48.117
7.1 52.3
6.9 50.133
9.067 50.95
9.583 52.717
8.383 49.783
9.783 48.667
13.258 54.456
8.333 49.967
10.183 51.8
6.983 51.583
8.583 50.767
7.45 49.467
13.783 50.853
11.45 49.883
8.4 50.217
9.15 50.0
8.517 48.45
13.379 51.326
9.067 50.317
12.547 50.821
10.033 51.467
12.225 51.445
10.217 53.55
11.867 47.983
12.996 51.248
7.933 48.05
11.667 51.911
9.55 54.833
9.417 53.783
11.733 47.75
9.0 53.383
13.172 53.789
12.715 53.972
6.167 51.683
10.283 50.017
9.183 50.0
11.86 52.718
12.088 53.594
8.433 52.783
11.683 50.017
12.97 52.411
9.55 51.9
13.61 51.975
9.383 48.4
9.1 48.45
11.828 52.076
8.267 49.3
13.643 51.044
8.667 49.067
7.5 50.167
13.04 50.759
12.888 50.709
8.733 49.533
11.866 51.197
8.75 48.133
10.433 51.9
7.933 49.167
10.71 50.954
7.733 48.05
12.967 48.967
12.533 48.633
8.783 47.733
10.817 48.183
8.483 49.167
9.467 48.517
12.55 47.85
11.558 53.278
8.9 48.717
13.4 48.867
9.3 48.567
11.6 50.2
8.267 47.767
10.2 50.0
12.883 49.2
11.9 49.717
11.967 48.05
12.983 48.9
11.167 48.117
7.067 50.583
11.017 47.483
13.65 48.8
14.007 53.209
12.109 51.057
12.054 51.186
13.157 53.007
8.983 53.183
11.75 48.083
8.867 49.633
11.017 52.317
12.45 47.783
13.15 48.8
13.924 51.0
9.467 50.75
9.333 50.483
9.417 51.45
11.35 49.05
6.333 51.333
8.3 50.617
13.383 54.089
11.617 47.767
6.683 49.567
12.203 50.656
10.933 54.333
10.833 49.7
7.683 47.55
12.304 51.651
10.317 49.983
10.951 51.229
9.767 49.817
7.617 52.1
6.583 51.1
11.185 53.865
13.2 48.45
8.55 49.867
12.183 48.0
12.717 51.241
13.047 54.115
12.279 51.161
9.783 52.083
7.033 52.2
11.522 52.236
11.474 51.888
13.11 52.468
10.75 53.8
10.067 54.05
14.599 51.638
13.659 52.174
14.537 52.239
12.996 51.697
10.467 52.65
11.388 52.124
11.88 51.915
14.629 51.695
13.53 52.906
14.305 51.369
10.917 52.383
12.488 53.75
13.443 52.397
8.833 49.8
8.483 49.917
8.483 49.717
14.022 51.142
8.933 49.867
8.817 49.883
10.783 48.233
9.783 51.25
13.311 52.356
9.3 48.583
12.739 51.193
9.283 49.0
11.004 50.58
14.471 51.255
7.6 53.4
10.417 50.3
8.883 48.333
9.967 53.983
11.083 54.367
10.569 51.149
13.533 51.294
8.25 52.95
9.55 50.583
10.35 53.617
10.883 49.633
12.199 50.904
9.25 54.717
13.926 51.089
9.517 49.05
10.806 51.401
12.145 51.167
10.783 49.4
10.283 53.65
14.107 51.11
13.322 50.796
7.35 53.6
10.95 50.183
14.813 50.991
9.217 49.733
12.083 47.883
11.935 51.287
13.724 51.376
12.022 51.259
8.983 50.083
10.233 49.75
12.163 51.312
7.633 50.5
11.533 48.767
11.291 51.216
11.703 51.954
8.317 49.567
13.091 50.697
9.083 49.917
14.452 51.119
12.507 51.273
9.733 49.667
6.833 49.2
14.011 51.589
13.123 50.631
13.308 50.963
14.651 51.067
14.681 50.897
9.517 54.7
13.676 51.383
12.989 51.647
9.167 49.883
13.272 50.784
13.051 51.165
11.496 51.617
11.017 50.233
9.65 48.6
13.109 50.548
13.548 51.03
11.433 48.117
11.25 49.65
9.733 50.117
10.707 50.823
12.449 51.732
10.813 50.75
11.306 50.525
10.732 51.092
11.019 50.702
8.45 50.383
12.047 51.126
11.367 48.2
12.116 51.427
11.873 51.683
13.57 51.404
13.449 51.411
10.95 54.15
10.233 47.883
11.22 51.943
10.417 53.65
12.79 50.812
12.336 50.443
8.967 50.6
9.15 50.233
10.017 47.633
9.617 53.583
13.709 51.514
12.819 50.583
13.156 50.768
13.822 52.427
9.65 47.75
9.75 49.6
8.167 49.567
11.533 48.05
9.75 48.933
9.367 51.183
9.617 53.55
10.767 53.55
7.85 49.883
7.567 51.033
7.867 48.05
10.367 48.55
9.167 49.283
10.917 49.933
8.2 49.7
10.4 48.5
8.35 49.8
10.767 49.117
11.2 53.083
6.9 49.633
6.717 49.7
8.217 48.25
7.983 48.117
10.633 49.617
9.983 48.117
9.483 51.2
9.317 53.217
8.9 48.65
8.817 48.55
14.324 51.179
9.883 48.867
8.05 49.6
8.233 49.45
9.65 48.7
14.993 51.156
13.27 53.991
8.083 47.65
11.986 51.665
12.377 52.177
9.783 50.017
12.435 50.892
11.333 49.767
9.933 51.533
9.0 49.067
9.917 49.867
10.433 47.817
10.283 48.45
11.981 52.358
11.605 51.796
12.173 53.798
8.133 48.05
13.201 52.367
8.383 51.9
13.406 53.94
11.833 48.467
12.183 48.167
7.017 51.2
11.733 48.117
13.15 48.5
9.35 51.35
7.817 50.667
7.9 49.817
8.05 50.45
11.302 51.993
9.6 49.867
7.283 53.6
12.2 48.9
7.467 51.367
7.983 52.2
8.65 53.35
8.25 49.017
9.317 52.433
11.192 53.431
14.978 51.069
9.317 47.683
11.8 49.533
8.233 49.867
8.067 50.3
12.717 49.017
9.217 49.967
13.783 48.833
8.2 50.75
8.8 48.367
11.55 48.317
12.9 48.217
8.967 51.033
8.933 50.083
14.717 50.913
13.12 50.972
10.633 48.967
8.65 48.533
13.708 52.11
11.041 51.897
10.817 47.633
11.414 52.296
10.35 47.8
10.45 48.433
12.283 47.95
13.322 50.69
11.75 48.333
11.978 51.479
9.567 52.0
8.367 52.067
11.902 41.468
8.617 51.117
10.983 49.767
10.883 49.933
13.351 50.954
7.55 50.167
9.833 53.633
7.183 51.75
7.5 51.183
10.583 53.833
8.833 53.317
8.55 49.183
10.033 53.567
9.983 52.633
9.517 54.233
9.35 52.1
11.086 52.064
8.433 49.733
7.817 51.683
7.683 50.767
9.367 53.617
9.883 50.117
12.42 50.433
8.983 50.217
6.6 51.733
8.917 50.117
9.833 53.25
9.317 54.767
7.583 52.567
9.417 54.133
13.924 52.394
8.35 49.317
10.6 52.733
9.733 52.383
10.017 53.267
11.483 49.5
10.683 48.783
9.833 51.65
9.483 49.617
8.417 48.183
9.4 49.267
7.25 52.8
7.833 49.867
8.583 52.917
9.383 54.8
9.5 53.45
8.233 51.967
9.967 52.217
10.067 53.9
11.517 49.6
12.678 50.667
12.974 51.101
8.35 49.3
7.633 47.933
12.804 50.888
8.267 49.9
11.142 51.638
7.95 52.25
7.9 47.65
12.7 49.0
12.435 51.069
9.6 53.633
7.483 52.667
8.083 48.283
9.483 49.8
9.917 53.7
9.233 52.733
9.2 52.8
10.854 51.688
9.1 50.167
10.743 51.819
10.5 50.033
8.25 49.367
9.15 49.3
9.4 52.383
8.35 53.017
11.117 48.217
9.567 48.667
8.483 50.067
7.767 50.667
7.183 51.4
10.233 51.65
9.033 54.517
8.25 49.117
8.55 51.0
7.85 49.183
10.767 49.167
9.717 50.833
9.7 50.767
10.367 48.6
7.483 49.4
8.167 48.283
12.842 51.122
12.0 48.867
11.033 49.7
9.217 49.867
7.4 50.55
10.033 49.933
7.85 47.683
11.833 47.75
13.617 48.65
12.082 52.828
10.333 52.05
7.417 51.983
9.483 48.283
12.817 48.4
11.467 48.3
8.967 48.35
9.25 53.65
11.536 51.846
8.6 49.5
11.25 51.858
7.3 53.0
7.1 52.117
9.267 52.7
9.333 53.317
9.1 52.233
9.467 51.983
9.1 54.2
11.133 49.133
8.683 49.4
6.933 51.833
13.87 50.975
9.65 53.317
10.75 49.017
10.15 48.683
7.933 50.167
13.399 50.679
8.117 50.0
9.683 53.7
9.367 50.017
10.2 54.367
9.217 49.15
9.317 47.817
10.983 54.367
6.967 51.333
7.867 50.45
10.136 51.375
11.167 49.867
9.467 53.933
8.8 49.483
10.8 49.333
7.25 49.617
6.483 50.633
9.3 49.9
9.9 47.633
10.15 48.05
8.867 48.8
9.633 51.833
11.533 49.967
9.65 48.65
6.1 51.067
9.433 51.883
9.65 53.65
7.667 47.867
11.493 51.555
12.383 48.25
11.216 51.3
7.883 54.183
8.033 50.617
6.433 50.5
11.717 50.233
9.717 49.767
8.983 49.333
11.017 52.233
9.133 52.317
9.683 51.267
7.717 49.317
11.783 49.05
9.833 53.767
7.767 51.383
10.933 49.683
9.033 48.867
9.75 52.317
9.067 54.15
9.133 53.7
8.667 49.6
9.467 53.1
9.6 53.083
11.4 49.5
13.05 48.767
7.283 50.783
13.848 52.509
13.212 52.649
9.167 54.283
7.433 49.817
10.017 53.783
11.467 48.817
8.633 49.65
9.433 48.067
7.783 48.217
8.3 50.683
10.183 48.617
10.84 51.119
9.35 50.567
7.433 51.4
7.95 50.783
9.167 47.867
8.683 52.117
9.833 47.65
9.783 47.617
11.485 51.537
10.877 51.452
10.0 50.883
10.167 51.0
10.083 52.833
12.935 50.592
10.267 48.6
7.633 49.317
6.95 49.65
13.598 50.761
11.855 50.894
13.824 51.165
7.217 51.55
11.0 49.7
11.167 49.533
9.65 48.45
8.867 48.6
10.5 49.233
8.0 47.667
11.183 48.0
11.433 49.517
7.733 50.567
7.75 51.183
7.35 49.483
7.133 51.6
14.746 51.08
8.217 49.15
13.235 51.693
10.333 51.65
8.25 51.883
13.848 52.484
9.483 53.783
7.6 52.683
10.883 49.567
6.1 50.867
7.6 53.3
9.117 52.333
10.917 49.633
10.772 52.021
8.317 49.55
9.183 49.0
9.717 51.2
9.25 52.167
9.633 53.617
8.083 49.533
11.5 48.5
9.233 48.217
9.817 49.8
11.514 51.647
13.446 50.968
6.817 49.883
11.133 49.633
9.933 48.8
8.633 50.583
8.3 49.567
9.95 48.85
10.843 51.906
8.8 50.05
10.267 50.35
6.933 49.333
10.319 51.167
13.379 51.094
8.617 52.167
13.395 50.911
8.117 51.0
10.736 50.429
6.933 51.167
10.0 50.567
9.95 52.15
8.967 48.633
9.15 52.85
7.683 50.45
8.75 52.333
10.4 52.417
6.667 50.3
7.7 50.4
11.2 49.183
10.717 48.167
8.15 52.133
11.317 49.667
8.783 47.767
10.733 53.1
11.6 50.067
9.3 53.617
9.8 49.917
10.367 47.5
7.2 53.417
13.6 48.817
7.75 49.2
8.1 47.9
8.967 53.483
8.883 48.417
10.983 49.817
11.95 49.55
11.533 49.55
11.819 50.401
8.65 49.5
13.346 51.034
13.614 51.388
14.908 50.945
8.9 49.45
9.133 50.4
11.05 53.15
11.317 48.85
9.283 54.017
9.783 48.033
9.467 48.7
8.283 49.417
8.35 50.017
14.581 51.154
7.9 49.45
8.217 49.233
11.183 50.15
7.5 49.8
8.55 49.317
9.583 52.767
11.917 50.317
8.017 50.667
13.191 51.243
9.833 50.583
9.383 51.5
8.45 50.083
10.533 50.133
13.117 48.683
10.967 48.017
8.067 48.267
7.917 48.417
8.533 50.683
9.533 53.983
13.5 48.85
12.217 50.1
14.011 51.436
11.7 48.05
11.8 49.3
11.504 52.103
9.117 47.883
11.85 49.2
13.13 50.823
10.9 47.85
10.067 52.267
11.517 48.417
13.559 51.5
12.054 50.716
12.0 48.15
9.633 53.967
12.101 51.161
11.017 47.8
12.133 48.383
9.917 50.8
10.167 50.317
9.3 48.333
8.05 50.2
12.707 50.8
9.383 48.033
8.433 47.567
12.1 48.667
12.098 51.525
11.383 48.6
12.933 49.2
9.65 54.1
9.5 54.3
12.681 50.748
10.367 52.583
9.367 52.367
10.55 53.367
10.667 54.317
10.317 53.667
8.117 52.583
10.167 52.083
11.899 51.438
11.067 48.483
9.717 53.367
9.55 53.6
11.3 49.933
10.283 50.35
9.667 53.617
7.567 53.633
7.583 53.283
9.85 54.4
7.9 50.35
13.133 51.78
9.017 48.633
12.464 51.305
10.1 48.383
10.533 48.517
11.7 47.883
9.517 48.633
9.45 51.833
12.308 51.599
7.633 51.5
9.4 51.033
9.0 50.733
7.333 49.317
6.95 52.583
13.652 52.509
7.2 49.617
7.6 52.383
8.7 48.45
9.5 47.8
7.533 50.583
14.901 51.298
12.884 50.677
8.95 51.883
7.367 49.183
8.233 48.217
10.6 52.033
9.583 53.517
11.164 52.048
9.617 53.817
7.317 52.083
14.029 51.459
9.483 50.55
14.239 51.44
11.313 51.787
8.467 53.117
11.167 47.767
10.7 48.817
11.517 49.9
12.733 48.95
13.183 48.85
7.983 50.45
8.9 50.483
10.817 48.117
9.583 54.767
9.25 52.567
9.067 54.483
13.467 48.667
14.015 51.25
8.167 47.75
9.883 49.783
8.167 47.733
10.45 50.367
9.0 49.8
10.817 49.7
10.567 48.617
12.083 50.1
13.591 50.924
8.583 48.8
7.6 49.283
11.717 48.017
7.983 50.617
11.739 51.506
7.667 50.433
13.633 52.55
9.433 49.6
10.283 51.667
8.333 49.167
11.867 48.55
14.768 50.899
8.283 54.75
7.583 52.3
9.2 50.0
11.022 52.122
8.667 51.817
9.383 51.783
6.217 51.067
7.333 51.15
7.8 49.817
9.083 49.3
8.483 47.933
8.117 48.8
9.417 48.517
8.667 52.267
9.367 52.25
9.767 50.667
8.167 50.317
8.183 50.233
6.767 51.633
6.383 50.717
6.867 50.867
9.533 54.75
7.483 49.417
8.617 50.517
10.907 51.771
9.95 48.283
10.1 48.9
7.717 52.283
10.3 48.367
10.978 50.878
11.433 47.95
7.317 49.717
8.267 50.217
11.317 47.767
8.133 48.817
6.55 49.717
11.233 49.617
9.817 49.5
13.15 48.733
9.883 48.833
10.817 48.083
8.917 53.733
7.45 53.417
7.65 48.05
11.867 48.933
11.663 51.803
8.05 49.183
10.784 51.58
10.0 48.333
10.05 48.267
10.1 48.217
8.917 48.95
7.05 49.383
9.383 47.867
11.683 49.45
10.922 50.686
11.5 48.483
10.217 52.267
10.674 51.862
9.25 49.05
9.917 49.167
8.567 49.483
8.733 47.933
9.483 51.433
11.867 49.917
9.367 47.667
10.217 47.567
11.117 48.517
6.35 50.867
9.65 49.3
8.05 49.967
9.183 48.967
9.733 48.033
11.433 48.767
13.283 48.85
11.15 48.083
8.15 49.167
12.75 47.767
9.183 48.067
7.7 47.583
10.267 49.7
10.233 49.6
10.483 49.517
12.233 49.617
6.45 49.85
6.6 49.6
11.917 47.833
10.583 47.917
12.067 48.217
10.583 52.433
7.7 51.383
9.85 52.433
11.667 48.233
10.033 47.7
8.667 48.917
6.467 51.833
11.717 50.383
6.433 51.533
6.8 52.5
8.933 49.2
9.517 53.933
10.9 50.15
10.15 53.8
8.233 53.35
9.467 49.317
10.1 49.033
13.404 51.144
12.931 50.67
12.851 50.743
11.083 53.05
13.7 48.733
13.34 53.924
9.417 54.733
13.95 53.571
10.767 52.5
7.383 53.267
11.591 50.933
10.733 48.0
14.5 51.172
12.03 52.5
10.217 53.75
10.9 52.083
9.15 51.0
12.958 51.791
12.297 51.683
9.95 53.3
8.567 47.65
8.767 48.583
10.433 48.4
11.417 48.433
9.667 54.233
7.9 53.567
13.75 52.975
8.283 49.1
9.133 50.033
12.714 50.438
12.95 48.533
14.725 50.858
9.683 53.533
9.467 50.2
7.0 53.683
12.967 48.267
9.05 48.333
14.816 51.25
14.507 51.862
12.138 50.55
9.4 54.567
6.5 51.1
6.35 50.917
6.583 50.333
13.087 51.995
6.617 51.217
7.733 50.383
9.017 50.067
11.583 50.805
9.633 48.933
7.15 50.233
7.767 49.45
10.8 48.767
9.683 50.417
11.388 52.656
11.133 49.633
10.033 51.8
6.3 51.733
9.0 52.117
11.95 49.167
7.55 50.417
9.967 53.833
10.159 50.628
10.767 47.917
7.65 51.6
14.107 51.278
10.367 48.383
10.967 49.3
10.417 48.05
7.617 50.217
6.55 51.5
8.35 54.95
11.466 50.644
8.2 49.083
7.667 47.717
7.75 48.3
9.933 54.667
8.117 48.6
9.633 49.867
8.783 50.233
8.5 48.917
8.55 49.133
11.467 48.217
11.283 48.683
11.417 48.683
8.4 49.017
9.767 49.967
9.017 50.05
9.783 50.05
11.735 53.161
7.283 50.583
6.733 49.767
11.35 50.033
10.717 54.167
9.5 51.317
7.45 50.067
12.7 48.2
11.683 49.367
11.9 49.833
10.1 51.683
7.983 50.267
11.052 50.553
7.7 49.5
7.817 50.817
7.767 50.083
10.617 47.883
10.883 48.083
9.633 51.283
12.239 50.993
9.217 50.35
7.817 48.567
6.917 50.283
11.041 51.443
11.867 48.917
8.45 50.133
6.833 49.633
11.067 54.2
9.733 53.95
10.133 48.117
8.533 50.067
8.583 48.9
12.627 51.778
10.883 49.95
11.9 49.867
14.805 51.069
6.417 51.367
7.117 50.417
10.317 47.733
12.96 50.739
6.733 49.8
7.767 48.2
6.367 51.45
9.35 48.783
6.7 50.867
8.067 49.583
8.517 49.367
7.833 52.583
10.267 48.183
7.467 50.4
12.845 52.479
6.25 51.583
9.6 53.783
8.083 50.05
12.183 47.617
10.133 54.333
12.467 48.033
7.583 51.133
10.127 50.839
8.75 48.933
11.09 51.261
11.383 49.0
7.617 49.417
10.917 47.883
11.4 48.95
7.833 48.3
12.833 47.95
8.983 49.2
13.183 48.9
12.529 50.628
7.4 49.95
10.083 48.133
9.983 49.2
9.35 48.95
9.583 51.967
12.2 48.183
8.833 52.6
12.983 48.25
11.65 48.467
10.133 48.083
13.267 48.917
11.15 49.733
7.883 50.817
11.95 50.15
11.783 49.917
11.417 49.55
9.15 48.533
11.733 49.75
10.3 53.233
8.917 50.817
13.267 48.35
10.317 48.15
9.867 49.65
9.583 50.833
9.15 49.05
10.4 48.883
8.183 49.533
11.75 48.183
10.467 48.167
9.45 48.65
8.017 49.667
8.083 51.083
10.717 50.05
8.583 52.2
9.317 52.95
12.55 48.95
11.883 48.067
9.4 53.017
12.65 48.083
7.95 47.967
9.183 49.617
7.217 49.283
7.467 49.783
8.167 49.3
14.438 51.089
7.25 49.75
9.083 50.767
10.017 53.817
10.6 52.117
10.983 48.3
9.883 47.783
9.833 49.75
10.167 49.733
12.554 51.161
12.906 50.766
11.437 50.624
13.413 52.156
10.217 54.317
9.65 53.717
9.7 53.8
10.317 53.967
11.366 52.073
8.217 49.933
10.833 48.217
7.033 49.15
9.217 49.717
9.267 50.1
10.283 49.767
13.223 52.413
13.014 50.789
9.067 50.0
9.85 49.7
9.167 49.867
14.404 51.209
8.417 47.65
13.899 51.546
6.133 51.783
9.183 49.783
8.017 49.133
12.471 50.36
13.529 51.076
14.607 51.351
13.474 52.791
10.833 48.167
11.496 51.583
7.2 50.167
7.35 52.933
11.056 51.86
11.168 52.626
6.85 49.85
11.162 53.968
14.327 51.408
10.55 50.0
8.767 49.033
9.467 51.0
7.45 50.3
7.6 50.35
11.367 47.65
14.897 51.245
9.333 48.567
12.017 49.6
12.612 51.018
12.067 47.85
8.9 48.05
10.233 49.917
14.25 51.75
9.483 53.733
12.867 49.05
12.233 50.017
11.85 50.267
9.183 47.667
6.583 49.7
12.717 49.067
9.367 48.85
8.867 51.283
6.633 49.833
9.117 48.833
9.183 48.867
6.517 51.2
9.75 54.5
7.25 50.35
11.133 48.117
7.533 49.467
11.917 50.878
12.433 48.183
8.717 49.117
11.417 48.1
12.269 53.651
6.017 51.783
11.201 50.856
11.617 48.4
9.25 48.017
14.706 51.521
9.633 49.383
14.688 51.349
10.117 51.583
6.567 51.333
9.967 51.85
13.761 50.945
13.026 52.761
9.483 53.833
9.483 53.883
10.183 49.133
9.6 47.6
12.072 51.057
11.75 47.65
6.483 50.75
8.0 50.967
9.517 49.767
7.667 49.367
13.015 51.048
12.332 51.025
7.917 49.717
8.467 50.067
14.174 50.911
9.217 50.083
11.317 50.233
8.633 49.217
8.517 50.183
10.167 47.9
8.967 53.983
10.083 54.333
9.533 54.417
13.794 51.385
11.306 51.945
11.975 50.979
12.453 51.463
7.333 50.383
10.367 48.25
13.101 50.734
12.1 49.833
10.65 53.783
7.1 53.433
11.851 51.294
13.375 51.124
11.54 50.681
12.367 48.55
11.801 54.073
7.083 49.983
11.283 47.5
14.515 51.172
9.8 48.633
14.21 51.239
10.4 53.583
8.317 49.15
11.9 49.9
11.45 50.117
12.167 48.5
9.8 53.7
11.15 49.683
11.583 50.133
9.683 49.233
8.25 48.833
13.543 50.982
13.449 50.649
7.4 49.533
9.117 48.517
9.317 53.483
10.7 48.35
6.6 50.05
12.396 52.947
8.617 48.95
12.793 50.853
14.489 51.096
11.85 50.333
11.533 50.1
11.246 51.19
9.7 53.767
6.95 50.95
9.367 48.683
9.6 49.617
13.625 52.3
8.617 48.967
10.567 50.083
10.117 48.75
10.883 48.267
13.915 51.266
11.483 47.817
11.097 50.663
11.167 49.95
8.417 48.133
12.88 50.975
14.882 51.183
10.817 52.25
11.217 48.667
11.633 49.6
14.08 50.92
8.467 50.183
13.051 50.55
14.335 51.312
7.2 50.683
11.496 50.654
11.772 51.672
11.213 50.358
9.517 51.183
10.591 51.234
6.267 49.933
11.5 48.817
13.117 48.367
11.967 51.75
10.283 48.417
12.867 49.183
11.183 48.5
12.846 51.339
8.8 53.583
10.283 51.275
9.517 49.667
11.883 49.417
9.717 50.55
9.683 49.283
13.083 48.667
11.283 50.2
10.05 49.85
8.85 49.083
7.267 51.05
8.3 47.6
11.067 52.983
11.883 49.067
12.331 53.929
8.417 50.933
9.783 52.317
12.317 48.8
10.233 54.417
10.233 47.95
10.25 52.617
7.733 52.133
9.033 54.85
8.617 49.467
7.367 52.05
8.8 52.0
8.567 50.583
7.617 50.3
8.7 50.867
7.867 48.35
10.217 52.25
9.683 48.5
13.15 48.85
13.05 49.2
8.067 49.367
8.283 49.517
10.733 48.1
8.467 49.6
13.673 51.319
10.017 51.967
9.1 53.633
12.7 48.667
8.117 49.2
9.117 52.567
11.15 54.45
10.1 51.533
12.152 51.525
10.883 48.05
6.767 49.983
12.15 48.533
7.567 49.417
14.261 51.023
13.15 49.017
13.849 51.128
10.333 51.933
8.683 49.983
7.467 52.55
8.6 53.617
10.933 48.9
9.533 47.6
10.117 48.5
13.297 50.837
11.85 48.433
8.317 51.783
12.322 50.757
9.383 49.233
9.85 49.25
12.663 50.867
11.96 51.183
11.754 51.344
9.383 48.15
6.95 51.1
9.733 52.433
7.917 50.583
14.018 50.888
12.362 50.757
8.933 54.683
12.594 50.956
12.663 50.961
7.9 49.9
11.217 48.6
10.617 48.267
11.58 50.748
11.967 48.433
9.033 50.183
11.067 49.65
10.985 51.858
11.522 52.039
12.098 50.679
14.118 51.046
10.8 49.5
7.483 53.75
10.767 48.15
6.367 50.817
13.068 52.314
10.978 50.674
10.467 49.1
8.667 50.5
10.283 52.55
12.05 48.817
6.5 49.733
9.2 52.983
9.933 54.217
10.85 48.5
12.083 49.05
13.846 53.95
7.867 52.8
9.0 50.55
10.3 47.783
10.3 48.067
14.147 51.477
11.67 51.227
13.757 51.493
10.25 48.867
8.317 47.633
9.717 49.55
8.65 49.617
9.183 49.75
9.367 52.283
9.55 53.2
10.567 53.383
9.383 51.667
9.217 52.35
12.971 51.005
8.133 48.65
11.283 49.517
9.3 50.017
12.933 47.933
8.067 47.567
9.15 49.083
10.7 48.533
10.433 48.567
9.883 48.233
11.163 50.479
13.882 51.25
14.107 51.456
8.117 48.517
12.743 50.567
8.35 48.233
9.4 50.633
7.583 49.65
11.6 49.367
9.883 48.7
10.967 50.333
8.7 49.717
9.283 50.583
10.117 47.9
14.538 52.427
10.8 47.7
8.967 54.767
13.197 52.727
7.45 53.233
9.117 52.5
7.317 53.55
10.25 53.867
10.133 47.85
7.1 52.033
9.033 54.35
7.45 50.283
10.367 54.217
12.75 52.326
10.517 49.35
10.667 52.333
9.333 49.133
9.983 52.367
9.017 48.05
12.517 48.767
7.017 51.1
9.217 49.9
10.433 52.433
10.199 50.817
7.767 49.283
8.683 49.35
8.35 49.133
9.8 49.867
11.317 49.45
10.326 51.388
9.167 48.7
9.117 49.15
7.55 50.133
9.883 48.85
10.217 48.45
14.074 51.422
12.377 51.339
12.93 51.161
11.909 51.183
11.948 52.062
6.883 49.817
7.65 49.167
8.383 52.467
8.9 52.033
11.317 52.917
8.617 53.167
12.05 48.25
10.3 52.2
12.366 50.573
10.6 47.7
7.867 52.183
7.533 52.55
11.583 47.683
8.083 51.133
9.467 48.55
10.883 54.217
9.883 53.867
11.467 48.8
11.466 53.094
8.2 47.867
9.017 48.8
12.283 49.95
8.7 52.017
14.364 52.647
11.485 52.45
13.294 51.162
12.359 50.725
7.283 50.55
13.167 50.8
12.25 49.6
12.812 50.778
8.35 50.55
12.014 51.314
11.8 50.3
9.383 48.883
11.167 49.717
14.667 50.956
10.417 49.3
7.383 50.45
10.017 47.833
7.0 51.033
8.817 50.517
11.183 50.518
8.0 48.733
10.683 49.283
8.9 51.617
11.683 50.383
13.435 50.833
13.971 51.177
11.067 50.15
8.817 51.233
14.246 50.947
9.25 48.417
12.634 50.755
12.435 50.7
9.483 48.75
13.75 52.867
9.283 51.5
9.1 52.6
10.433 52.017
13.392 52.869
12.464 51.282
8.5 50.117
13.882 51.138
7.967 52.15
7.017 49.917
8.917 53.15
9.217 49.467
12.761 50.862
8.067 50.383
8.4 49.417
8.967 50.267
9.9 54.383
9.683 47.55
13.25 49.033
7.65 49.35
8.65 50.533
8.1 49.383
13.519 52.606
9.883 47.6
8.783 49.683
12.333 51.392
7.783 52.85
9.217 54.7
9.283 52.367
7.383 51.017
12.985 52.97
9.683 52.617
7.317 52.517
8.35 49.233
8.417 49.117
6.267 50.983
9.3 52.6
9.217 50.167
8.883 53.6
7.283 50.567
8.1 51.667
8.35 51.667
10.733 49.883
8.433 55.017
11.017 49.917
8.9 49.367
12.449 51.133
12.078 52.117
8.383 48.783
13.1 49.167
9.55 54.333
9.067 54.2
9.55 51.283
7.217 50.833
14.0 50.993
8.233 52.667
9.583 50.0
8.633 50.733
14.404 51.385
12.433 48.617
13.137 53.972
8.7 50.65
13.309 51.202
6.767 49.817
10.767 49.7
9.917 48.55
9.683 48.8
7.8 50.05
8.567 49.65
7.65 52.933
6.75 49.517
8.45 48.417
7.917 52.283
8.567 47.633
8.65 53.467
13.613 54.133
12.33 51.101
13.72 51.856
12.083 51.089
13.174 52.089
9.75 50.9
9.2 48.9
15.007 51.197
13.258 52.296
8.45 49.467
11.5 53.326
11.383 50.483
11.489 52.876
12.75 50.741
12.15 49.583
10.728 50.782
9.017 54.333
8.75 53.433
12.757 50.959
11.75 49.15
12.963 51.33
8.283 49.25
10.267 51.983
7.0 50.133
13.317 53.209
9.567 53.883
7.567 52.75
14.684 51.096
11.899 51.64
9.117 49.0
14.208 53.454
11.54 51.876
7.45 50.233
8.35 47.883
8.283 50.517
8.7 52.2
7.767 52.733
7.667 47.617
8.3 49.9
12.739 50.628
9.383 49.1
8.617 52.3
13.902 51.945
13.973 51.869
10.683 53.867
11.081 53.303
12.027 53.466
11.15 52.967
7.633 51.217
10.667 52.817
10.808 53.83
9.25 52.367
7.433 51.767
9.25 51.967
10.417 53.25
7.533 51.617
7.417 52.433
10.583 54.3
10.367 53.65
9.033 49.783
12.13 51.255
12.283 51.383
12.627 51.356
7.583 49.467
11.619 52.122
8.967 48.75
7.817 48.283
13.398 52.367
10.05 47.65
10.5 48.933
8.133 49.3
9.083 49.983
10.217 49.717
11.783 48.65
9.567 49.083
9.0 50.017
11.383 50.1
10.15 49.767
8.8 50.167
8.267 50.0
11.267 48.217
12.1 48.15
6.983 49.717
12.762 53.741
13.183 48.317
12.423 53.477
10.55 54.167
12.25 48.767
7.733 47.767
8.333 48.883
8.683 49.25
9.533 51.1
7.8 48.167
11.167 48.217
12.6 48.65
11.5 48.717
7.183 49.2
6.817 50.1
10.862 50.677
8.467 49.483
11.455 51.592
12.05 49.65
13.228 51.044
9.25 48.933
8.767 50.817
7.783 48.05
9.867 49.833
12.817 48.833
13.163 50.649
7.267 53.517
9.683 52.033
7.533 51.083
9.217 51.833
10.983 52.283
7.0 49.933
9.4 47.717
12.87 50.537
12.87 50.931
9.083 48.9
12.377 51.268
12.55 48.55
9.15 52.667
12.337 50.312
12.21 51.298
10.85 49.0
10.433 49.65
10.3 49.683
10.65 49.5
11.383 48.367
10.35 49.6
10.4 47.95
11.867 48.2
10.583 48.133
10.367 49.45
10.15 49.667
11.2 50.183
9.6 49.85
12.85 48.25
11.633 50.167
12.0 50.133
10.617 47.783
10.467 48.933
12.083 50.0
11.383 50.25
13.05 47.7
11.65 50.1
10.133 49.7
11.167 50.167
7.1 51.667
11.067 49.617
12.574 54.151
9.017 53.95
8.033 49.633
10.667 50.2
7.05 49.45
12.467 47.75
8.85 51.467
10.383 53.417
9.067 52.883
10.15 49.617
7.483 49.367
10.95 48.75
8.45 48.867
11.8 48.417
9.883 48.133
10.283 50.183
13.735 51.644
9.05 49.183
12.6 48.4
7.533 49.267
8.8 49.333
11.9 48.517
10.667 47.883
8.817 49.0
7.783 47.65
13.583 48.883
8.283 49.483
12.1 49.2
7.217 50.333
6.65 50.6
9.567 47.7
8.233 49.4
7.017 50.617
8.817 49.317
7.617 49.783
8.7 51.2
13.79 51.181
10.9 50.317
12.46 50.856
9.15 52.35
6.683 51.267
9.267 47.7
7.717 49.517
7.85 49.5
11.85 49.983
6.883 50.183
12.783 48.183
6.833 49.8
9.567 48.383
10.55 52.383
12.877 50.725
10.367 52.483
7.633 51.1
10.067 51.217
10.163 50.567
7.667 49.7
13.467 51.167
7.783 48.417
9.933 51.217
10.85 48.55
10.4 53.183
9.067 54.1
8.333 52.2
11.101 50.594
13.451 52.183
11.399 50.943
8.9 52.717
10.3 50.433
7.483 50.483
10.033 54.317
9.55 51.133
10.95 49.933
10.183 47.983
10.2 48.0
7.8 51.433
7.283 50.367
9.333 48.05
11.119 50.399
8.15 50.567
12.45 48.717
7.817 52.683
10.565 51.307
7.3 52.7
10.983 48.25
7.067 49.367
7.683 48.017
8.2 50.517
10.983 48.267
10.7 49.2
10.12 50.83
9.75 48.517
13.408 51.264
11.989 51.353
6.733 49.767
10.8 48.667
7.567 49.8
7.733 49.25
13.533 51.401
7.833 52.483
6.533 50.833
7.833 47.967
6.65 49.45
8.283 51.35
9.283 49.917
8.75 49.933
7.467 52.467
9.117 48.0
8.967 48.183
7.217 52.15
12.917 48.85
12.467 48.267
7.783 52.317
6.583 49.5
6.983 51.25
9.283 48.533
7.9 50.5
11.093 50.573
12.301 51.044
12.242 53.314
10.433 49.9
11.117 50.167
9.767 49.067
9.683 49.1
12.55 49.117
9.0 49.683
13.03 52.31
10.633 48.233
8.617 53.733
7.833 50.233
11.833 47.783
11.205 52.482
9.9 48.183
13.072 50.594
9.1 54.467
12.897 51.034
12.767 49.167
9.267 49.7
12.257 51.319
13.215 54.2
10.5 48.05
11.65 48.85
8.917 52.3
8.15 49.067
12.233 48.95
12.815 53.273
10.117 47.6
11.517 49.917
11.467 49.917
12.804 50.8
9.75 48.083
10.8 49.217
10.156 50.72
11.1 48.25
8.383 50.7
11.267 47.45
13.538 52.266
12.683 48.967
12.733 48.35
12.25 49.95
12.986 50.986
11.217 50.25
13.184 51.14
9.367 49.333
13.077 51.167
8.717 49.75
6.633 51.45
7.767 50.5
12.264 50.67
13.46 51.0
12.83 50.929
9.7 53.4
7.917 52.867
10.067 54.267
8.267 49.883
10.85 48.833
6.9 51.1
6.233 50.55
8.217 49.633
7.833 50.433
7.083 49.883
7.583 49.8
11.641 50.447
11.083 48.15
7.45 53.333
9.667 53.667
8.933 47.733
12.967 48.75
11.883 48.033
12.417 49.583
11.933 48.467
11.85 48.283
12.5 48.683
7.133 49.817
9.867 51.7
13.676 51.161
7.7 50.867
9.617 51.067
9.083 52.95
14.368 51.372
9.1 49.35
12.49 50.775
8.933 49.65
9.767 50.4
7.417 50.9
9.2 49.533
7.95 50.833
8.283 48.867
10.717 49.15
13.424 50.805
12.344 51.672
9.8 49.333
9.2 49.0
9.65 48.233
10.6 48.917
10.083 52.983
13.415 51.083
8.017 47.55
11.2 47.683
9.267 48.967
9.583 48.983
12.112 51.195
9.8 48.817
8.35 49.433
12.533 49.917
11.951 52.142
10.433 48.65
9.967 48.817
9.133 48.883
12.351 51.727
8.133 51.5
11.0 49.633
14.077 51.211
12.453 51.321
10.683 53.633
9.167 50.067
9.083 49.867
9.267 49.8
6.433 51.2
10.583 48.767
10.367 49.017
8.433 48.1
10.2 54.35
8.867 48.867
8.567 49.983
8.733 49.6
11.0 48.867
9.067 48.4
10.6 48.817
12.383 48.9
8.783 48.533
11.808 51.298
9.033 50.633
10.367 52.533
13.044 51.241
8.85 48.95
12.725 51.858
12.768 50.908
13.221 51.433
12.533 48.233
8.117 48.25
13.379 52.665
11.45 49.167
8.733 49.25
10.783 49.75
10.467 51.211
8.817 47.817
8.833 50.117
8.883 48.033
9.017 47.917
8.7 49.817
6.883 51.433
7.5 50.383
7.633 47.8
12.582 50.736
12.596 50.722
11.783 50.2
14.136 52.505
11.567 48.133
11.931 50.821
8.717 50.967
11.683 48.767
10.6 49.633
7.883 49.55
7.7 49.217
9.65 51.417
10.2 50.25
11.367 47.9
9.5 48.417
8.867 49.933
7.633 51.967
7.9 49.95
9.533 53.9
10.45 48.317
7.367 50.25
7.783 47.85
8.783 50.45
12.266 54.261
12.183 49.45
7.65 51.333
8.35 49.917
11.917 49.983
8.733 48.55
10.15 53.8
10.817 53.183
11.717 50.333
6.783 49.383
7.133 49.517
11.8 48.533
7.45 49.45
7.8 50.317
13.547 50.766
11.233 48.8
7.85 50.2
10.25 48.7
12.875 52.608
8.45 49.95
11.812 51.154
9.167 51.25
13.42 50.933
13.11 51.257
13.629 51.218
12.591 51.278
7.633 50.467
11.576 51.287
8.967 49.3
8.8 49.4
9.067 49.4
8.833 49.417
9.233 49.2
9.267 48.617
9.233 48.583
9.2 49.05
9.133 49.317
10.633 53.25
9.067 48.433
8.05 49.383
8.883 49.317
9.567 48.583
11.617 49.533
11.086 51.75
9.8 48.55
11.133 49.05
7.933 50.417
9.933 51.017
12.788 51.273
10.333 48.75
10.117 48.433
14.331 51.273
7.383 53.65
10.5 47.617
8.1 50.917
6.633 50.5
6.283 51.3
12.261 50.622
10.883 53.233
11.299 53.165
9.8 53.467
8.517 50.283
9.917 51.4
8.7 50.05
14.164 51.601
10.017 48.4
13.746 52.39
9.0 50.183
12.133 47.783
11.683 48.067
13.262 53.555
9.667 49.733
11.673 54.034
8.7 48.667
13.45 48.5
8.25 48.983
11.183 48.733
10.367 48.3
7.45 52.95
11.85 48.25
9.267 49.3
10.914 50.915
12.975 50.484
11.5 50.017
7.567 47.817
8.583 48.85
10.783 49.283
13.277 52.672
13.689 52.532
6.967 52.5
7.367 52.25
7.833 52.417
9.7 53.033
8.9 53.783
8.983 54.233
8.067 52.517
11.583 50.1
7.783 51.283
9.333 49.233
9.583 49.2
9.567 50.917
9.233 51.017
6.3 50.017
11.667 48.317
12.183 48.733
9.383 48.55
9.483 48.133
14.627 50.979
7.7 53.7
10.931 53.284
9.033 53.8
13.433 48.467
11.142 50.518
11.55 49.633
11.25 50.319
8.783 48.8
13.467 50.697
9.283 48.683
8.933 47.967
9.617 50.45
10.65 49.45
8.433 49.417
7.717 50.383
9.417 50.0
7.55 53.333
12.409 51.149
9.7 47.667
14.309 51.099
12.767 48.983
12.866 50.78
9.35 50.867
12.533 51.085
8.733 54.867
11.633 49.533
12.967 49.267
13.383 48.683
12.433 49.3
6.55 51.45
11.685 53.865
10.067 48.933
8.7 48.967
8.517 49.3
6.9 49.867
12.359 50.661
11.467 49.283
12.517 48.367
9.983 54.067
12.383 49.35
13.018 50.633
9.0 49.383
9.4 49.7
8.0 50.783
11.133 49.617
11.317 49.533
7.333 50.85
7.183 49.35
8.317 49.117
13.75 48.75
11.467 48.1
7.817 48.433
12.806 52.924
14.548 51.041
7.517 53.567
12.985 52.289
10.217 49.367
11.967 49.933
6.683 51.2
10.94 50.583
11.75 50.741
14.221 51.023
12.422 52.865
9.117 50.85
7.433 50.617
11.833 49.833
9.567 49.933
9.467 52.5
10.6 49.583
11.767 48.817
12.167 49.733
8.15 49.35
11.117 50.333
10.817 54.1
11.581 53.383
8.883 48.483
13.069 53.365
10.833 48.4
12.2 48.983
14.227 52.663
8.583 48.633
7.467 50.433
12.728 50.702
14.649 52.087
12.7 48.233
6.583 49.817
7.333 50.417
9.017 50.417
8.817 50.3
8.9 50.25
6.483 50.7
8.833 54.8
9.317 51.233
8.2 49.9
12.317 48.6
13.033 48.767
13.54 51.179
9.617 50.8
12.5 48.317
13.438 50.899
7.417 50.533
14.673 51.053
12.79 50.725
8.8 50.2
7.817 50.4
8.533 48.133
7.467 50.283
7.883 50.85
10.983 50.217
13.074 51.239
12.992 51.984
7.033 50.817
7.7 49.583
8.217 49.417
6.217 51.2
7.283 52.867
10.183 50.3
13.655 52.326
13.007 50.911
7.467 49.45
12.383 49.45
9.15 49.917
11.5 52.138
8.05 50.333
9.617 49.3
8.317 50.167
9.15 52.35
14.75 50.952
10.424 51.376
10.765 51.55
13.424 50.959
10.933 48.717
9.917 49.4
10.233 48.55
12.55 48.333
12.383 48.617
10.183 50.067
7.617 50.4
13.022 50.867
12.8 48.883
7.333 49.767
12.757 50.725
6.467 50.883
7.217 50.467
8.783 48.917
9.117 51.8
9.717 51.517
11.768 51.837
9.2 52.633
10.1 52.55
9.167 52.3
8.333 49.867
14.827 51.294
9.667 51.317
9.55 51.317
7.683 50.333
7.9 50.633
6.45 49.65
12.283 49.2
11.95 49.033
12.5 50.972
7.15 49.583
9.617 47.583
12.127 51.096
6.967 49.6
7.2 53.6
10.833 48.6
8.483 53.483
7.15 53.717
10.017 53.7
11.343 52.213
11.517 50.367
9.183 54.167
10.784 51.5
9.133 49.117
10.183 50.483
8.6 53.783
7.067 52.433
7.533 51.733
8.833 53.767
8.083 48.4
9.783 52.167
8.85 54.483
7.483 52.083
7.817 49.817
10.0 51.7
7.567 53.25
9.85 54.167
7.867 52.617
13.298 51.057
7.35 51.933
9.467 48.667
8.9 48.617
8.883 48.133
12.6 47.9
12.167 47.75
8.7 49.317
10.483 48.85
9.933 51.633
6.65 50.817
10.795 51.83
9.617 54.267
9.583 54.567
10.133 50.217
7.533 50.9
13.382 51.3
11.083 49.45
9.35 48.633
9.85 50.633
8.7 50.367
8.2 49.933
8.733 49.833
11.067 47.6
10.967 49.417
11.133 47.567
12.167 47.65
9.467 50.867
10.633 49.933
12.383 48.3
13.457 50.874
9.367 48.65
14.684 51.032
10.433 49.417
8.8 49.067
11.85 48.317
9.833 48.3
10.42 51.167
10.117 50.45
11.067 48.417
14.415 51.124
10.433 47.85
11.6 48.033
10.817 49.933
8.133 48.367
11.133 47.783
11.117 48.717
6.867 51.483
8.483 49.267
10.728 50.709
8.083 48.533
10.1 48.783
11.933 50.267
9.8 50.283
12.982 50.906
13.996 51.227
11.187 50.342
12.732 50.787
9.567 48.233
10.817 48.15
10.917 49.533
7.767 49.733
10.167 49.65
9.15 49.85
9.15 53.75
10.867 48.667
8.567 48.3
8.867 48.167
7.583 49.367
9.133 52.267
13.633 48.55
10.467 49.45
14.736 50.966
10.75 47.95
11.817 48.017
8.667 48.733
9.95 47.567
7.95 47.933
10.433 48.083
9.033 48.933
9.667 49.017
11.302 51.443
10.433 49.717
11.567 48.25
12.65 48.8
10.417 49.867
13.254 50.899
14.813 50.947
9.617 50.217
9.9 49.05
9.683 48.183
10.017 47.55
10.283 47.417
9.317 49.017
10.283 50.4
9.35 49.133
12.283 48.267
9.467 47.733
7.083 49.517
9.967 50.2
12.167 48.967
11.35 49.7
8.85 50.083
8.583 50.2
12.417 49.467
11.146 50.583
7.733 50.117
9.55 51.6
12.978 50.42
8.233 48.35
11.652 51.39
12.417 48.0
9.1 49.35
8.2 49.567
10.067 49.667
9.95 48.067
7.383 50.35
7.183 52.217
7.967 49.95
11.2 48.317
7.117 51.033
14.045 52.867
7.7 49.767
10.985 52.433
13.17 50.862
9.233 53.8
9.25 49.233
8.15 51.833
9.567 53.933
13.674 50.947
12.167 50.415
12.71 50.729
7.25 51.65
9.05 53.483
10.133 50.15
8.667 51.983
8.0 50.0
10.6 48.95
10.683 53.017
8.883 47.667
9.5 49.2
8.75 48.983
9.8 48.283
8.717 49.217
8.233 48.883
8.8 48.967
7.95 48.467
11.417 49.45
10.367 48.483
8.233 49.6
9.033 48.417
10.233 47.5
8.583 49.367
8.0 48.433
11.233 47.633
9.533 48.65
14.063 51.179
10.736 50.83
13.846 51.183
13.333 50.663
14.801 50.881
11.333 48.217
8.217 53.15
10.883 54.3
9.25 53.583
8.95 54.367
11.168 51.312
7.383 51.717
7.85 51.033
8.483 51.367
7.667 49.533
9.833 47.633
14.515 51.06
8.167 48.483
8.367 49.85
9.467 48.983
12.395 51.803
13.235 52.755
6.65 49.9
10.667 49.183
8.933 47.833
7.967 48.45
9.05 50.35
13.217 48.55
12.62 50.706
13.757 51.376
6.95 49.917
6.783 49.717
13.11 51.296
11.224 52.028
10.017 54.433
10.683 52.467
8.05 52.283
11.429 51.021
7.833 52.033
7.25 53.533
8.85 48.733
9.183 53.7
9.233 54.467
11.754 52.791
9.433 49.433
8.233 52.35
13.033 48.7
8.783 53.233
12.029 51.796
10.25 51.733
9.7 54.3
7.617 50.25
7.017 52.55
11.578 52.044
10.699 51.966
9.267 48.717
10.233 50.467
8.317 49.7
9.383 47.95
13.162 51.206
7.617 53.133
14.952 51.021
14.191 51.218
13.613 54.399
11.196 53.991
12.234 54.25
13.746 54.342
11.754 54.144
12.574 54.443
11.615 54.11
13.695 54.378
12.684 54.436
10.167 53.55
9.75 48.733
12.978 50.938
13.13 50.979
13.831 51.19
11.883 48.217
8.15 48.567
11.35 49.517
9.417 51.95
9.75 53.25
7.733 49.483
7.767 49.5
11.683 47.917
8.9 53.817
9.15 53.117
8.233 49.2
8.45 49.367
8.117 48.667
10.3 47.95
11.667 48.067
9.383 50.8
7.167 49.4
8.9 49.833
12.817 48.767
8.417 53.35
7.283 50.933
9.45 48.583
9.167 47.817
9.583 54.4
10.433 47.633
14.761 50.842
9.017 53.067
8.75 51.717
9.283 54.267
11.817 49.0
12.633 48.0
6.367 49.567
10.567 54.333
14.199 51.236
7.4 53.083
10.983 48.933
10.482 50.8
11.85 53.429
11.989 52.383
12.067 49.733
12.6 48.917
10.883 52.533
11.717 49.167
9.517 50.05
13.996 53.505
13.467 48.567
11.95 48.2
12.983 49.017
9.767 52.267
12.167 49.967
12.25 51.17
11.55 49.75
10.233 52.317
11.757 51.743
11.083 47.8
10.933 47.8
14.412 51.86
8.65 54.517
12.617 49.267
9.033 52.65
12.067 48.983
11.383 47.75
10.933 48.083
13.092 53.507
12.767 48.267
12.45 48.85
6.383 49.467
11.858 53.073
13.45 48.783
10.75 49.317
9.717 50.567
11.017 48.5
8.967 52.383
13.769 52.523
11.467 48.417
12.0 49.067
12.817 47.917
10.933 49.833
10.45 48.117
8.983 49.067
11.167 48.3
11.5 48.533
10.167 48.35
7.75 47.933
12.117 48.05
13.348 50.7
12.233 48.85
8.567 48.533
12.933 48.433
10.733 50.15
12.383 48.967
9.5 49.183
11.967 48.667
8.55 48.983
10.833 49.117
10.617 47.933
8.7 48.883
12.183 49.5
9.367 48.283
10.567 47.583
9.25 47.917
9.233 48.467
8.6 49.8
11.683 48.817
8.45 49.233
10.0 50.85
12.917 47.767
11.967 49.067
6.917 49.883
11.5 49.317
12.65 48.7
9.8 53.667
11.1 49.7
12.167 49.633
7.6 49.2
13.946 50.959
12.383 47.983
7.383 50.383
11.433 48.1
8.6 49.4
12.867 48.783
12.262 53.459
12.13 50.489
11.467 49.65
9.2 48.967
10.983 49.1
12.6 48.317
12.772 50.842
13.618 51.468
7.867 51.217
12.417 49.65
11.8 48.2
9.2 48.567
9.417 48.717
6.717 49.7
10.417 54.167
12.317 49.783
11.678 51.748
9.6 48.8
13.217 50.638
13.228 50.702
13.317 48.4
8.717 50.533
11.817 48.167
7.317 50.3
14.188 51.025
12.908 51.186
9.4 51.9
11.594 51.58
11.217 48.95
9.183 52.383
11.133 47.817
12.567 48.217
10.717 48.917
11.517 49.5
10.817 49.767
12.424 50.86
10.15 50.1
9.867 50.483
11.8 49.483
8.933 52.233
13.714 50.966
12.333 48.65
11.35 49.317
13.049 52.401
11.417 49.767
12.395 51.626
7.65 50.767
12.833 49.1
12.645 51.846
10.283 54.233
12.348 52.528
13.865 53.319
11.933 49.767
11.55 50.233
11.317 50.35
12.934 51.665
11.183 49.767
12.805 51.718
13.536 50.872
8.5 52.3
10.35 49.817
12.35 47.85
13.777 52.225
10.717 49.917
9.767 53.683
10.933 48.2
12.172 53.149
10.3 54.367
11.384 50.532
12.221 51.133
10.467 53.967
12.2 47.9
13.493 51.431
6.417 50.2
11.35 48.15
7.617 50.6
6.8 51.0
11.517 48.05
12.0 49.933
13.441 51.39
14.022 51.183
10.833 49.517
14.298 51.255
13.473 54.351
12.041 53.25
11.717 48.083
14.235 51.103
11.283 49.3
11.183 47.9
11.3 47.967
12.826 50.516
10.383 53.783
11.467 48.617
11.598 50.7
11.083 48.583
12.233 49.75
10.917 48.017
6.883 49.283
7.95 52.683
9.983 54.333
11.138 51.798
7.633 49.367
11.601 51.381
9.717 54.75
9.9 53.733
7.05 49.333
8.867 50.683
13.645 50.966
10.283 53.317
8.967 52.45
13.926 51.119
13.632 51.115
13.732 51.216
7.35 51.2
14.404 51.245
8.967 47.733
6.833 51.767
12.286 51.711
8.617 52.433
10.917 48.683
12.467 48.9
10.15 48.933
10.25 54.283
11.117 47.917
6.517 49.8
8.017 49.267
7.45 49.55
14.14 51.156
10.583 48.067
12.883 47.617
8.017 49.533
12.232 51.612
7.55 49.45
10.067 50.133
9.983 49.767
8.883 48.383
11.572 50.665
10.2 50.167
7.733 50.467
8.983 50.367
9.133 54.45
12.837 50.534
9.9 50.717
8.2 48.867
8.2 53.25
10.733 53.95
12.341 52.608
14.138 50.933
6.85 51.3
10.883 50.017
12.75 49.083
12.667 49.033
10.75 53.7
11.8 48.7
7.633 50.583
12.117 47.8
14.034 52.335
8.7 49.267
10.617 49.883
8.45 50.017
8.917 50.883
9.617 47.783
9.5 49.4
12.373 50.53
9.65 48.733
13.562 50.739
9.5 49.983
12.167 48.117
7.333 53.533
7.717 52.367
10.833 50.017
7.2 51.617
11.083 49.3
11.2 50.183
6.4 51.767
9.2 53.133
13.133 48.967
12.1 49.017
12.133 49.133
12.442 51.092
12.05 50.3
12.033 50.25
13.098 52.337
9.233 52.483
8.483 52.617
13.902 52.528
10.933 48.483
6.683 49.383
11.046 53.78
11.946 51.25
8.95 49.35
8.833 49.717
8.867 50.35
9.067 47.7
12.35 49.183
11.417 50.433
12.29 50.626
14.809 51.142
9.467 48.717
7.533 49.5
9.917 49.733
13.68 51.128
11.383 49.517
11.633 47.767
11.517 48.467
12.283 48.2
11.467 48.667
10.933 47.917
7.7 50.95
13.634 50.878
7.117 50.017
8.567 49.3
10.25 53.517
10.483 53.833
9.6 51.5
14.199 50.897
13.761 50.892
8.833 49.833
12.569 50.704
12.601 51.894
6.883 49.683
10.567 53.233
12.633 48.567
12.733 48.3
8.833 50.6
12.467 47.683
7.05 51.833
9.833 53.65
7.233 50.583
8.583 48.95
9.7 49.8
10.683 52.117
7.183 51.183
9.283 48.867
9.417 48.817
8.017 48.583
9.667 54.3
14.897 51.229
7.5 50.5
8.067 50.617
11.05 48.75
8.933 48.767
10.8 50.067
10.35 53.25
9.383 52.783
10.35 48.45
12.45 49.067
10.3 47.583
12.686 52.626
9.883 49.917
12.196 51.115
12.95 48.317
7.817 48.083
12.908 53.697
12.117 49.85
9.217 48.5
7.583 53.133
7.35 49.867
8.317 51.85
6.7 51.85
7.267 53.067
9.783 52.067
7.983 48.7
6.95 50.633
6.6 51.55
7.233 50.617
7.333 50.5
7.667 50.017
7.45 52.283
7.783 47.567
7.717 48.233
8.05 48.75
12.888 53.096
8.3 48.967
8.283 49.117
7.617 50.283
6.467 51.467
8.1 49.267
10.3 51.583
13.287 51.067
10.517 52.433
12.438 54.243
12.895 54.202
7.983 47.617
10.167 54.017
11.05 48.283
10.483 50.1
8.95 52.967
10.65 47.95
11.95 49.333
7.183 50.4
9.867 50.317
11.683 48.967
11.168 51.734
9.267 48.567
12.2 47.833
9.483 48.15
8.5 49.833
7.75 48.15
6.95 49.317
11.233 47.7
8.85 47.733
9.65 50.1
13.301 51.3
10.433 48.85
7.517 49.25
9.817 54.55
8.0 52.483
11.362 51.495
8.433 51.817
8.783 48.033
14.79 51.392
12.883 49.233
8.767 49.633
9.95 49.867
12.333 47.883
13.2 48.95
6.917 52.6
13.467 48.817
14.349 51.073
10.083 51.1
7.783 48.25
9.083 52.183
13.739 50.982
8.883 54.767
8.75 53.183
12.797 50.482
12.798 51.048
8.733 50.433
7.817 49.633
10.783 50.35
7.633 49.233
7.65 49.467
9.033 50.15
9.367 52.317
9.483 52.667
12.409 50.534
8.883 50.033
12.517 49.2
6.2 50.65
10.233 48.283
11.019 53.693
11.772 52.321
10.883 49.333
11.967 48.767
11.567 48.617
8.133 49.133
12.167 47.8
8.7 48.567
9.333 49.367
12.261 51.578
10.217 51.567
6.683 51.033
9.217 50.717
9.05 50.217
12.181 50.865
9.65 52.317
10.417 47.9
9.867 50.95
8.717 50.3
10.75 52.983
9.9 51.5
10.033 49.017
9.467 49.45
7.217 52.017
8.733 48.283
9.733 49.067
9.9 53.383
12.133 47.85
14.076 50.844
8.867 50.983
12.37 51.021
13.076 50.995
12.95 48.6
7.417 50.567
11.891 51.259
8.75 49.867
10.717 47.65
11.075 51.47
12.236 51.89
11.437 51.296
10.883 49.4
13.18 51.067
12.125 54.089
10.017 49.25
10.033 48.017
9.4 53.117
9.733 51.0
11.1 49.25
7.7 50.767
13.823 53.596
8.917 49.5
9.4 49.967
14.974 51.337
10.183 49.383
9.583 49.9
12.509 50.546
12.133 47.983
11.767 47.7
9.683 48.233
10.967 47.733
8.933 48.483
12.033 48.7
10.033 49.8
13.2 48.367
8.633 48.167
7.817 49.867
11.767 48.583
10.583 47.817
9.533 48.883
13.417 48.65
11.34 50.722
11.467 50.2
10.366 50.894
13.868 51.461
12.983 48.983
12.65 47.767
13.333 48.433
10.533 53.283
12.767 49.217
8.15 50.4
7.883 50.467
14.739 51.0
8.2 49.4
12.37 50.706
9.817 48.883
7.683 49.2
7.483 50.85
7.733 48.267
8.95 48.817
14.232 51.261
12.612 53.378
11.667 51.461
10.25 49.733
11.067 50.283
13.316 51.319
8.833 49.983
8.267 49.433
10.45 48.417
11.467 48.333
13.533 48.733
12.841 50.862
9.25 49.767
8.4 49.283
9.517 48.5
10.54 50.401
11.967 50.083
7.183 50.9
10.533 52.417
12.409 51.2
9.983 47.617
11.233 49.483
10.217 49.983
11.033 49.15
10.933 49.667
9.967 49.517
12.533 49.35
10.843 51.761
13.308 50.601
11.233 49.5
13.567 51.578
13.773 52.482
10.267 51.583
7.817 49.85
7.933 49.983
10.583 49.4
10.883 52.483
8.283 49.15
7.867 49.933
7.65 47.65
8.417 50.0
8.433 51.5
11.933 48.9
10.35 50.317
12.933 47.867
11.362 50.649
13.379 52.197
7.0 49.233
6.55 49.617
6.75 49.317
6.8 49.35
10.667 49.283
10.955 50.447
9.267 52.4
9.067 48.967
7.633 52.167
7.417 50.383
14.765 51.516
13.559 54.525
9.25 50.017
9.733 48.683
12.567 48.817
13.35 48.767
9.283 47.783
10.483 48.133
13.854 51.589
6.85 49.933
10.2 50.317
10.761 51.516
7.35 52.317
10.417 52.117
10.167 53.233
9.583 52.067
8.6 51.667
11.822 51.53
11.138 52.853
13.483 48.617
12.217 47.783
11.563 52.264
10.583 49.983
10.017 50.35
8.017 53.5
12.264 51.626
11.569 51.679
8.667 49.35
8.517 53.367
11.299 51.475
12.383 54.071
9.433 54.733
10.517 51.717
7.183 50.767
8.133 47.767
12.817 49.0
8.333 48.133
7.717 50.15
7.717 50.15
7.117 49.283
9.317 48.483
7.517 49.6
7.35 50.583
8.6 49.267
8.1 49.3
9.117 54.0
8.1 48.0
13.433 48.883
8.033 48.017
8.65 54.3
7.567 50.417
7.167 49.467
12.133 48.217
11.03 51.915
9.85 52.233
7.617 48.133
8.1 48.633
8.133 48.617
8.05 51.983
10.7 52.533
13.648 54.514
7.7 53.067
11.9 53.993
9.6 54.7
10.083 49.167
9.6 53.383
11.65 47.967
9.1 47.95
9.5 48.017
11.017 47.667
8.15 49.867
9.0 49.917
9.633 54.55
9.717 54.317
9.183 54.767
9.3 54.083
11.772 51.381
11.004 50.394
7.517 51.25
7.767 47.967
7.567 52.4
10.75 54.017
13.518 51.119
13.058 50.706
10.517 53.3
10.883 54.133
9.35 51.283
11.75 50.283
13.067 48.85
12.133 47.933
9.917 48.867
9.733 51.467
9.3 48.067
9.483 53.167
9.283 49.4
12.913 50.544
9.85 47.583
10.467 49.667
9.733 48.367
10.1 52.183
10.3 54.233
9.783 48.183
9.817 53.6
9.483 54.05
8.367 48.317
9.85 50.817
6.867 51.7
11.1 48.9
11.033 49.983
7.85 50.783
10.9 48.167
11.45 48.5
9.183 51.883
12.133 48.833
11.525 51.75
8.65 53.533
8.383 49.383
7.133 49.367
13.375 52.642
6.783 49.633
10.25 49.283
8.35 48.283
11.25 48.467
13.896 51.525
14.438 51.076
12.167 49.65
12.233 50.083
12.214 51.392
11.975 51.394
10.533 52.017
9.217 48.6
8.85 51.817
8.1 50.1
11.03 52.011
9.7 48.65
12.4 47.717
14.901 50.975
11.317 47.667
6.483 50.533
14.54 51.544
11.812 50.58
9.567 54.517
12.953 50.564
10.75 50.509
13.388 51.725
7.583 47.75
9.683 47.767
9.517 48.683
11.867 47.733
9.567 50.683
8.617 51.9
10.663 51.25
13.819 50.888
8.183 47.817
9.533 50.35
10.617 49.75
9.983 53.883
10.203 50.725
8.283 51.15
6.85 49.45
12.1 49.417
11.917 49.267
13.681 50.837
10.813 50.608
8.45 50.267
12.367 48.067
12.0 49.55
11.2 50.217
9.25 49.65
12.641 50.596
10.9 52.883
12.8 47.683
10.183 49.2
9.783 53.117
11.35 49.567
9.983 48.267
9.0 54.517
12.22 52.674
8.2 48.15
11.1 48.05
9.867 50.267
10.9 47.817
10.317 50.05
7.817 47.65
8.55 48.467
10.3 49.117
7.683 49.35
9.533 48.8
12.6 49.167
8.183 49.85
7.95 53.533
9.117 50.5
8.383 48.233
9.283 50.833
8.667 49.483
11.267 48.567
9.967 49.25
9.483 54.517
13.576 52.36
7.967 48.217
7.883 48.45
12.108 53.945
11.017 49.333
8.1 49.933
11.35 48.3
10.767 48.183
10.833 47.833
9.183 54.4
8.817 52.733
11.2 49.467
9.067 49.15
9.35 48.883
8.533 50.15
6.817 49.3
9.217 50.917
9.317 50.683
6.267 51.217
7.767 48.35
12.117 49.333
11.127 51.972
13.549 52.628
8.583 53.233
10.133 49.917
10.733 47.583
11.117 49.3
9.017 52.9
9.617 52.683
12.817 48.917
8.983 49.367
10.233 49.8
12.233 49.417
13.938 51.456
14.338 51.528
11.617 50.283
11.933 50.217
10.483 53.5
12.786 50.544
9.45 50.917
11.25 49.35
12.133 49.383
13.853 51.321
12.333 49.367
10.25 50.0
10.083 54.467
14.287 53.06
8.333 49.267
6.75 49.817
7.95 49.05
10.341 50.83
10.233 50.05
11.6 48.5
7.3 51.283
9.983 48.183
9.0 48.1
10.65 48.65
13.971 51.333
11.412 53.628
7.567 51.45
8.583 49.383
9.083 48.883
12.25 48.267
9.8 48.8
9.733 49.117
7.883 47.6
10.433 52.35
11.467 47.983
8.467 50.5
13.233 48.833
9.25 50.083
13.183 48.75
8.767 48.217
8.65 48.783
14.217 50.888
9.067 48.65
13.467 48.867
12.85 48.483
8.817 49.433
14.893 51.06
12.983 47.617
10.1 50.383
7.9 47.783
13.333 48.833
10.931 53.844
10.367 54.4
13.5 51.599
13.022 50.963
8.933 49.417
10.881 50.523
10.683 49.85
11.731 52.016
8.85 50.2
12.33 50.394
6.467 50.15
13.897 51.034
13.508 52.385
7.383 49.4
11.2 48.133
12.536 50.507
10.967 52.133
10.217 54.333
13.534 52.677
12.55 49.517
10.58 51.119
9.567 49.35
12.6 49.35
12.083 50.2
8.2 48.1
13.769 51.979
13.136 52.624
13.439 52.681
10.75 54.183
10.783 52.15
7.233 52.1
7.217 52.317
14.283 50.977
8.05 50.583
9.333 49.45
14.056 51.553
8.2 48.583
14.188 53.943
14.142 53.972
14.165 53.959
10.15 51.567
10.417 54.05
11.217 48.033
10.617 47.65
11.291 52.103
11.754 52.892
11.183 47.7
8.65 49.767
7.933 48.317
14.383 52.532
9.6 52.4
12.467 47.967
10.183 51.9
11.3 47.833
9.967 53.4
8.467 48.583
9.083 52.3
10.267 52.033
13.0 50.541
9.967 52.317
7.717 49.967
13.645 50.933
14.62 50.933
10.217 49.65
8.733 48.017
12.133 50.167
11.75 50.317
10.433 54.283
5.9 51.017
10.475 50.766
7.483 51.7
10.858 53.881
9.217 53.367
8.233 50.333
7.75 50.533
8.25 49.867
10.05 48.317
7.483 51.85
7.833 51.85
14.0 51.523
11.467 49.233
10.267 50.033
9.017 49.517
13.678 52.289
6.567 49.583
9.017 48.967
10.85 50.183
10.183 53.85
11.633 49.167
10.883 49.483
10.167 51.55
7.9 48.1
9.9 52.05
10.633 52.217
13.305 51.032
8.95 52.7
8.417 50.733
7.2 50.8
9.1 49.267
8.033 50.883
11.85 48.75
12.65 47.817
10.3 53.633
11.167 48.4
10.767 54.067
7.783 50.483
11.543 51.606
9.483 54.65
9.217 48.083
9.267 48.067
9.767 47.583
9.367 54.517
12.733 48.567
13.033 48.267
11.333 49.6
6.3 50.6
7.533 49.983
7.667 50.383
8.533 48.65
10.117 49.533
7.517 49.817
8.817 48.75
8.05 48.1
9.0 48.717
8.833 47.767
7.833 50.267
8.333 50.65
9.617 50.317
8.883 49.25
8.167 48.767
7.25 50.55
12.033 49.0
9.1 47.8
9.5 53.283
12.974 51.452
7.65 49.783
10.15 53.15
8.117 51.567
14.415 51.037
14.798 51.115
7.3 49.933
7.083 51.167
8.417 50.533
10.983 48.9
9.833 52.983
10.767 52.867
10.2 49.833
10.017 49.7
9.267 50.067
11.082 52.17
10.884 51.376
10.167 50.467
11.175 50.362
11.133 50.233
13.717 48.683
9.183 48.383
6.383 51.617
10.35 48.017
10.3 48.55
10.283 47.517
9.933 51.067
13.015 51.218
12.659 50.5
9.233 53.117
12.217 48.117
7.6 52.867
8.733 48.067
10.933 49.167
11.05 49.617
11.85 50.167
7.65 50.25
8.883 49.35
6.633 49.933
11.767 49.867
7.467 52.367
8.483 52.133
13.367 52.144
8.433 49.317
13.367 48.917
9.45 49.033
7.133 49.317
14.699 50.936
12.257 51.028
11.719 53.408
9.767 48.883
10.5 52.767
13.875 52.344
14.375 51.562
7.983 49.867
9.55 52.217
7.25 51.35
12.62 50.782
13.301 50.869
13.136 52.534
9.483 53.6
8.133 49.917
11.2 50.0
10.55 52.883
8.383 53.383
9.017 50.833
10.85 48.367
9.2 52.317
11.082 50.778
6.533 50.35
10.367 50.183
10.138 50.784
6.917 52.0
9.633 51.883
9.417 49.783
11.728 50.86
11.5 50.167
9.05 54.75
11.0 50.1
13.223 52.388
10.0 48.3
12.65 49.05
11.7 50.15
11.467 48.867
12.533 49.267
10.217 53.6
11.333 48.0
8.817 48.433
11.58 51.846
7.683 49.783
7.733 47.883
8.733 50.667
9.633 51.35
7.667 53.633
11.688 51.443
8.483 50.85
10.833 49.867
7.967 47.983
9.383 52.65
11.017 49.417
14.048 51.206
8.05 48.3
12.617 48.95
11.159 50.431
8.883 53.683
9.467 50.317
13.159 50.56
10.366 50.837
8.567 50.167
11.367 50.433
10.572 50.706
12.183 49.283
9.783 54.75
9.767 54.75
10.4 53.717
7.833 50.733
7.733 47.65
9.117 48.667
8.033 49.05
9.667 49.95
8.217 52.583
7.35 52.15
10.867 47.7
8.417 52.0
9.95 48.017
11.08 50.466
9.1 51.867
10.067 48.7
9.283 48.967
10.4 52.683
12.033 48.083
14.353 51.057
12.083 48.383
9.617 53.567
8.2 48.9
12.399 50.718
10.217 49.417
8.133 49.117
7.533 49.45
11.467 50.3
8.933 47.8
10.117 53.383
8.45 52.417
11.867 52.606
12.442 50.686
12.183 47.85
12.8 48.817
11.827 53.716
8.85 49.05
9.733 54.733
10.45 48.017
9.083 48.117
10.717 49.967
9.017 52.567
10.033 47.6
10.1 49.067
9.017 47.85
10.65 53.883
11.283 50.317
10.267 50.467
9.067 49.983
8.467 49.817
10.955 51.576
6.233 50.767
12.786 50.713
10.233 54.133
14.092 51.053
9.067 52.517
13.939 52.261
11.037 51.057
6.267 51.45
14.743 51.032
13.09 54.312
10.167 54.45
13.75 53.507
9.1 48.183
7.517 50.533
10.996 51.163
12.717 48.833
11.517 48.0
8.533 48.85
12.583 48.883
13.213 51.248
14.123 51.915
13.894 52.583
13.232 51.353
13.1 53.33
7.783 49.95
10.967 49.85
14.018 50.936
8.783 53.417
13.083 48.317
8.75 53.033
12.133 49.417
8.483 49.083
9.183 48.783
9.35 52.65
10.3 49.0
12.217 49.733
10.7 47.733
10.717 47.883
8.433 47.75
12.529 50.539
10.862 50.638
10.45 52.9
8.833 52.8
10.433 49.6
10.688 50.61
10.767 52.933
8.8 52.683
8.633 48.367
8.533 50.133
9.15 49.917
9.5 49.0
9.85 48.967
11.767 49.5
7.067 49.3
10.35 47.667
7.717 47.833
10.567 50.233
11.267 48.3
8.85 49.1
10.4 50.267
10.333 49.95
8.0 51.333
12.7 47.867
7.517 52.967
7.283 52.917
9.383 52.35
6.917 50.7
8.817 52.917
8.383 54.883
10.3 48.65
12.233 47.933
7.517 52.85
10.233 52.183
9.567 51.233
11.112 51.161
9.667 54.717
7.4 53.483
9.767 54.633
8.917 54.867
9.217 54.35
6.867 51.95
12.35 48.883
10.9 52.233
10.717 54.083
9.767 48.683
8.917 52.867
12.567 48.083
12.733 47.967
9.2 49.083
10.616 50.796
9.117 48.917
11.3 48.433
11.806 52.436
11.973 52.548
9.85 53.683
10.083 53.733
12.9 48.317
10.017 50.65
11.862 50.5
12.949 50.608
10.367 48.983
10.083 48.0
10.683 48.667
9.083 53.233
9.4 54.667
14.493 51.048
9.667 49.617
12.5 51.378
11.617 48.05
12.45 48.15
12.133 48.35
8.15 50.15
12.844 50.92
6.517 49.667
7.817 52.217
12.183 49.017
11.767 47.717
12.25 50.722
12.817 47.85
12.617 48.233
13.0 49.033
7.783 51.983
9.283 54.217
13.269 52.401
13.5 53.122
8.667 47.817
7.817 48.133
8.35 48.183
10.417 53.4
12.465 54.03
12.578 53.778
11.267 50.467
13.728 51.433
13.267 48.45
9.583 47.667
12.083 49.217
12.027 51.122
12.017 48.9
12.383 49.483
11.383 50.4
11.801 51.45
10.402 50.911
7.583 49.267
7.0 49.75
12.855 50.706
12.221 51.654
12.15 48.917
11.217 49.083
10.467 48.283
13.58 50.986
9.017 52.967
10.033 49.75
12.109 51.089
10.62 50.505
10.433 50.033
10.917 48.567
12.117 50.083
12.1 50.117
7.033 49.483
7.483 52.5
12.949 50.672
14.246 51.14
10.317 50.2
12.554 50.766
13.317 48.767
11.383 50.033
13.533 48.617
9.85 49.95
9.85 49.883
7.283 50.367
12.1 48.5
13.4 48.617
12.583 49.433
8.8 48.817
10.167 50.842
10.783 54.0
12.333 49.883
8.15 47.9
11.217 49.0
13.383 48.733
12.767 48.067
6.433 51.0
10.933 48.517
8.0 47.733
7.95 47.833
12.091 51.284
10.117 53.267
12.993 51.557
14.012 53.631
9.717 53.7
9.717 53.283
7.117 49.95
11.9 49.8
11.833 48.733
12.65 49.167
10.217 54.033
10.567 50.317
12.6 47.967
12.65 47.867
12.267 49.517
10.6 49.45
10.333 53.85
13.22 52.22
11.317 53.0
11.55 50.067
12.069 51.099
12.75 51.287
8.417 49.933
7.85 50.017
9.417 51.567
12.617 49.417
10.236 51.138
9.317 54.517
7.3 50.183
10.317 53.75
10.917 48.95
12.315 50.541
12.871 52.096
8.233 48.133
12.758 54.094
12.025 50.686
9.6 49.817
6.65 49.75
6.567 49.767
13.0 48.4
7.767 49.367
11.862 50.741
10.4 53.617
6.9 49.833
9.25 48.3
11.95 50.367
7.15 50.817
8.633 48.083
12.55 48.033
7.55 49.133
10.217 48.0
10.409 50.787
13.437 51.596
12.192 51.073
11.95 50.017
12.187 52.291
8.6 48.033
12.017 47.933
10.567 48.1
13.246 53.913
8.817 47.983
11.283 47.917
7.067 52.633
8.967 51.333
8.633 52.783
12.333 49.533
12.6 48.25
6.45 51.317
8.933 54.317
11.867 50.383
9.067 48.517
10.883 52.583
11.083 48.117
10.633 48.067
12.6 48.217
8.617 49.167
8.9 52.5
10.076 51.362
13.302 51.594
14.042 53.739
6.267 51.667
10.767 52.1
6.883 52.5
10.567 52.967
9.667 53.683
9.733 49.8
10.2 52.467
6.1 50.933
6.7 49.25
9.167 47.767
12.483 47.817
10.267 50.1
10.717 49.667
8.317 47.717
6.767 50.35
11.92 51.209
9.983 48.4
6.983 50.217
9.2 50.583
7.767 48.033
9.833 48.067
11.179 52.158
8.217 49.833
7.217 50.6
9.517 48.167
7.683 51.533
7.9 50.65
11.522 51.929
11.033 47.617
12.667 48.383
10.467 47.967
9.2 49.217
9.35 48.65
11.65 48.2
13.667 48.583
9.283 49.1
11.617 48.067
8.367 48.083
11.183 49.817
10.3 52.833
10.817 48.167
10.867 50.133
9.733 49.15
12.617 48.167
10.05 49.867
10.933 50.704
8.717 48.833
12.333 48.117
11.567 48.283
10.367 48.933
10.967 50.2
11.533 50.133
10.5 47.767
11.437 50.658
12.467 47.733
12.417 49.15
10.383 47.833
7.267 53.517
7.75 53.3
9.4 48.5
9.583 48.817
7.633 50.383
7.517 50.417
11.767 49.4
9.667 49.9
13.923 53.874
8.533 50.333
9.633 51.667
10.65 48.317
11.083 49.6
9.617 48.15
11.083 48.033
9.383 54.0
10.025 50.83
12.6 47.85
8.967 48.933
7.617 50.4
11.767 47.883
8.133 53.4
8.733 52.617
11.783 48.1
10.367 52.267
8.283 52.733
10.728 51.897
10.813 50.411
10.883 49.517
9.883 49.833
7.05 51.333
11.667 49.233
12.25 48.367
11.517 49.617
6.983 51.9
9.883 49.083
9.483 51.35
10.933 52.4
13.186 52.688
9.233 52.917
9.217 48.183
8.5 51.883
8.15 52.033
10.65 49.683
14.078 51.787
7.35 50.617
6.6 50.733
12.883 49.083
11.138 53.229
12.543 50.69
10.567 51.95
10.783 49.933
11.467 48.367
10.554 50.67
6.4 51.25
11.142 51.0
10.917 47.95
10.617 48.517
8.45 48.067
8.583 48.2
8.2 50.4
12.35 48.45
11.8 49.617
12.1 48.45
13.183 48.633
7.55 49.15
8.317 52.833
9.583 52.983
9.183 54.567
8.867 52.167
6.683 51.6
14.165 53.727
9.767 47.783
12.183 47.95
7.633 48.083
11.617 48.767
12.35 49.617
10.233 49.867
11.867 48.6
8.867 47.817
9.117 51.417
11.558 51.56
8.917 53.333
7.75 52.433
10.517 52.367
11.5 49.567
6.817 52.033
10.35 53.283
8.95 51.2
8.3 48.05
10.083 48.283
8.667 48.333
6.85 49.25
11.097 52.142
7.85 48.067
9.983 54.533
10.05 51.55
11.667 47.767
10.783 48.0
9.35 51.1
13.908 51.161
8.183 49.433
10.717 49.75
7.1 50.633
6.333 51.417
9.2 54.017
8.117 49.983
11.55 47.733
12.183 49.317
10.967 53.0
6.883 49.533
8.25 51.733
6.8 49.267
12.667 49.267
8.583 52.55
8.55 49.25
12.733 47.933
9.55 51.617
10.217 53.95
10.6 52.617
9.317 48.833
8.917 49.3
12.5 49.65
11.333 48.583
10.117 49.967
10.017 48.183
11.35 49.85
7.283 52.933
9.183 47.933
12.333 49.15
8.833 49.567
8.567 48.5
7.833 49.95
9.3 49.983
7.417 50.55
8.483 48.917
9.083 49.467
9.8 49.75
8.117 50.517
7.617 50.883
9.717 47.75
7.717 49.817
9.85 49.783
14.656 50.995
9.183 48.583
13.636 51.78
9.067 51.2
8.317 50.233
9.133 48.633
9.65 49.183
12.612 50.872
12.383 49.183
12.067 49.983
7.55 50.283
5.983 51.067
7.65 49.283
13.033 51.078
9.883 51.15
7.967 48.1
13.6 48.733
13.123 50.766
12.4 48.217
7.333 49.383
12.7 49.383
6.75 49.75
12.3 50.0
8.433 49.4
8.217 47.617
8.5 50.433
9.817 48.767
12.333 49.667
9.15 49.017
10.617 51.583
8.65 49.3
10.138 50.612
9.367 49.583
12.069 51.358
11.467 50.267
8.017 52.35
6.717 49.333
12.883 48.683
10.483 48.883
8.05 49.833
11.283 47.517
10.067 49.217
7.767 49.883
11.209 51.466
7.85 50.8
10.3 52.017
8.15 50.033
11.983 48.267
10.937 51.067
10.783 49.867
9.6 52.867
10.3 47.667
14.67 50.874
10.588 50.899
11.3 48.917
7.4 51.617
8.567 49.033
10.851 50.899
9.333 54.683
13.448 52.755
10.167 51.183
11.933 48.5
10.767 54.267
9.617 48.733
9.833 47.683
7.917 53.667
7.9 53.8
10.2 54.117
8.783 53.733
9.15 48.517
11.44 52.062
10.917 52.183
9.15 51.483
8.2 53.067
12.692 53.516
8.0 51.95
11.712 53.803
11.783 50.0
8.85 52.45
11.717 47.833
8.35 51.45
11.983 48.4
9.45 50.633
9.8 48.133
9.783 50.167
9.9 54.083
10.6 52.417
7.283 50.433
6.167 51.1
9.633 47.567
12.233 48.067
10.757 51.927
6.533 49.717
10.033 50.1
10.6 49.033
10.12 50.665
10.15 52.533
10.05 54.167
8.067 49.517
6.367 50.1
12.08 51.177
10.617 48.9
10.78 50.894
12.779 51.002
9.083 54.233
9.7 53.583
9.733 52.55
7.35 53.167
9.5 54.8
6.2 51.633
11.157 52.186
11.056 52.317
6.283 51.15
11.175 51.883
13.783 48.6
8.783 48.15
7.9 47.633
7.217 50.417
10.0 51.15
8.567 50.3
10.8 48.25
14.397 51.055
11.082 51.906
7.15 50.4
9.367 49.933
11.317 48.717
11.417 48.383
12.062 50.778
12.167 49.683
10.65 49.2
11.733 49.95
7.983 49.417
11.15 50.2
12.767 49.267
11.567 49.5
14.651 51.266
13.409 50.844
14.504 51.099
10.633 49.35
12.067 49.633
12.05 48.6
9.9 49.483
10.933 48.117
7.633 47.583
8.867 48.75
9.067 48.633
9.217 49.667
8.267 50.483
7.867 49.95
9.933 47.583
7.633 49.483
11.117 49.75
6.833 50.75
8.233 47.667
9.533 48.617
11.15 47.833
8.367 50.433
8.4 50.333
10.45 49.033
8.733 50.767
11.325 50.989
8.3 50.433
13.566 51.163
9.633 47.817
8.533 49.05
8.283 49.267
8.667 49.55
9.267 49.15
7.767 49.833
9.383 48.817
12.065 50.445
8.35 48.733
10.817 49.617
8.15 49.517
8.25 49.517
6.817 49.55
11.25 50.083
8.933 48.85
9.483 48.917
9.6 49.3
13.014 50.736
11.85 50.183
13.406 50.869
10.117 51.133
11.35 50.2
10.967 49.033
10.167 48.3
9.733 47.583
11.063 51.2
11.883 50.1
7.467 50.417
13.89 51.062
14.721 51.5
14.393 51.42
14.632 51.5
13.581 51.087
7.683 48.2
7.933 50.733
7.6 50.417
8.583 49.9
10.133 47.633
10.883 50.25
13.805 51.149
10.667 48.467
8.7 48.15
11.083 48.817
7.317 50.333
14.698 52.064
6.567 49.85
11.642 52.007
7.95 51.633
9.633 48.883
14.175 51.583
10.717 48.883
10.4 52.333
11.15 49.35
7.883 50.967
10.467 53.217
9.383 48.667
9.567 52.283
8.333 54.933
10.25 53.5
12.2 49.083
9.633 49.667
14.187 51.814
12.38 50.741
12.939 52.381
7.767 51.267
7.917 51.55
7.683 52.85
7.217 51.133
12.947 51.284
9.417 48.7
12.167 49.533
7.633 51.667
10.1 49.983
7.933 49.183
13.735 52.635
10.791 51.842
13.705 52.372
10.101 50.727
10.417 47.6
9.517 49.75
10.739 51.468
8.417 52.083
10.683 48.567
6.617 51.667
7.617 49.333
12.965 53.282
10.533 52.6
8.917 54.217
6.983 50.817
9.083 54.217
11.25 48.067
11.017 47.883
10.717 47.933
10.833 48.583
9.9 54.283
7.967 50.567
11.392 51.961
11.052 51.81
10.3 48.017
9.633 48.517
7.467 53.6
7.883 52.317
8.3 54.917
9.25 50.117
9.667 54.283
7.933 53.267
9.95 48.517
13.033 51.142
11.083 54.5
10.183 48.883
10.667 49.0
8.317 49.25
8.25 49.7
7.467 53.167
8.45 52.617
8.65 50.633
8.733 50.9
7.4 51.383
11.804 51.585
7.317 52.217
11.417 48.833
8.5 50.55
9.4 53.85
11.8 47.867
7.55 50.717
10.717 52.467
8.867 53.0
12.848 50.975
7.867 51.5
9.417 49.317
10.583 51.633
11.529 51.67
14.037 51.39
8.117 53.25
11.41 51.266
7.55 50.95
13.294 54.624
11.167 47.867
9.9 53.967
10.183 52.583
10.667 52.883
8.85 48.9
13.022 50.615
12.183 49.917
8.233 50.1
9.367 50.117
14.597 52.234
8.8 49.367
13.054 50.619
12.451 52.117
12.533 49.05
9.633 48.567
12.383 49.017
9.433 50.033
11.133 49.717
10.35 49.8
11.267 49.8
10.483 49.167
7.8 49.1
8.7 49.3
7.733 53.417
7.133 52.517
9.85 52.65
9.083 52.717
9.983 52.917
10.233 47.75
10.4 49.033
13.625 52.326
8.55 48.75
8.783 48.617
10.033 50.95
10.283 51.833
11.9 48.733
13.068 52.287
12.612 50.674
8.433 52.9
9.917 50.383
10.4 47.767
7.883 49.217
14.702 51.956
13.862 53.642
9.417 47.867
8.767 49.467
8.117 53.517
13.053 52.339
11.367 50.317
10.717 49.483
12.524 50.679
10.233 49.683
9.033 51.633
6.55 51.267
8.617 51.3
9.2 50.85
12.667 49.25
7.9 48.55
8.833 48.85
8.1 50.817
13.537 51.053
9.1 53.2
9.383 53.917
6.85 52.533
14.408 51.096
6.6 49.667
11.514 51.521
6.433 49.617
11.033 48.067
7.567 50.783
8.05 48.15
7.817 49.9
7.35 50.65
10.217 51.783
12.15 49.8
13.217 48.633
10.833 49.233
9.083 53.733
12.65 48.267
11.3 49.383
12.483 49.433
9.383 48.867
7.517 50.317
7.85 49.567
9.917 52.683
10.217 53.367
9.483 48.8
8.533 51.2
10.017 49.7
9.117 48.183
12.359 51.057
10.457 50.885
6.95 49.883
13.067 48.733
10.183 49.917
10.645 51.456
7.4 51.117
11.272 51.573
7.2 53.483
7.8 50.467
11.617 50.1
9.317 53.783
11.462 53.894
7.733 50.783
9.683 53.267
10.483 49.067
7.333 51.433
12.649 51.876
11.75 53.0
11.073 53.507
14.86 50.945
12.873 50.883
12.983 48.333
14.243 51.388
9.833 49.617
10.733 52.733
10.417 48.617
6.883 49.983
10.633 52.133
7.783 53.583
7.817 47.95
12.481 53.163
9.85 51.35
13.417 48.717
13.076 50.775
10.3 53.517
8.95 50.933
13.577 53.463
8.217 48.3
9.8 47.817
12.272 51.667
10.533 52.167
11.518 51.511
11.717 48.483
10.267 47.9
9.167 51.333
10.733 49.233
11.417 47.917
10.783 52.417
9.283 48.65
11.983 49.117
7.6 49.583
13.773 54.05
10.233 50.367
11.481 51.947
11.631 52.255
11.633 48.6
9.85 49.167
9.617 47.9
10.933 52.183
13.208 52.117
13.758 52.45
10.467 50.017
12.717 47.9
11.3 49.983
10.362 51.424
10.2 47.933
8.367 49.633
8.933 53.217
8.517 53.65
10.567 52.9
10.3 53.033
14.133 52.72
9.75 53.933
11.928 51.819
11.131 52.021
10.15 53.317
10.183 51.667
8.667 53.317
12.0 50.033
9.433 52.433
7.2 51.267
12.783 48.35
8.817 48.867
8.783 48.0
12.333 48.35
11.54 50.461
12.732 51.365
12.459 52.892
12.384 52.374
11.117 52.933
8.45 47.85
8.367 47.667
7.65 48.167
8.567 54.7
7.233 53.133
9.283 50.267
9.683 48.767
9.0 54.167
8.817 50.4
10.784 50.812
8.767 50.283
7.967 49.817
9.233 52.417
12.409 51.844
8.117 49.85
10.267 49.033
11.9 48.25
9.15 49.8
8.267 49.05
12.4 49.0
12.333 48.617
11.2 48.067
10.333 50.333
7.033 51.283
13.404 51.372
8.7 51.517
13.481 52.165
6.133 50.817
9.933 49.8
9.433 49.083
6.45 51.667
13.504 51.353
8.933 49.067
13.0 48.967
12.784 51.917
8.817 49.117
12.733 49.15
10.933 50.017
11.804 51.511
10.517 53.867
10.912 53.553
13.644 52.284
13.336 52.972
13.404 51.204
10.6 50.017
12.85 48.3
8.25 49.233
13.338 51.33
12.1 49.083
9.683 50.267
12.138 51.048
11.817 50.133
7.183 50.033
8.067 48.35
9.867 49.817
7.867 47.717
9.583 48.65
10.674 50.658
8.133 49.65
9.817 49.9
7.017 49.95
6.7 49.9
13.267 48.8
13.542 52.654
12.083 51.961
6.7 49.6
10.883 53.067
13.697 52.307
7.967 53.417
13.384 50.778
12.842 51.08
11.978 50.649
13.633 52.353
9.283 53.3
13.055 51.103
10.533 48.3
9.3 51.367
10.4 48.65
12.287 52.268
14.634 52.209
8.6 48.167
12.952 51.571
13.914 54.076
10.95 49.45
14.831 50.899
11.767 48.45
10.633 51.633
11.833 48.083
8.233 49.883
12.813 51.131
13.162 51.172
12.268 51.612
12.663 50.681
13.069 50.745
12.656 50.573
12.402 51.716
12.355 51.472
13.341 50.888
10.6 48.4
8.833 49.3
7.367 49.25
9.517 49.25
12.326 51.225
9.183 51.05
13.045 51.585
12.5 50.72
9.467 48.233
13.233 49.017
8.617 49.733
12.438 50.356
12.815 50.635
13.236 50.658
12.116 51.628
12.109 51.356
6.65 50.7
